Sample	FastQC_mqc-generalstats-fastqc-percent_duplicates	FastQC_mqc-generalstats-fastqc-percent_gc	FastQC_mqc-generalstats-fastqc-avg_sequence_length	FastQC_mqc-generalstats-fastqc-percent_fails	FastQC_mqc-generalstats-fastqc-total_sequences
BR_1_13_1	71.26273162661238	54.0	150.0	9.090909090909092	28968441.0
BR_1_13_2	73.21840955630483	54.0	150.0	9.090909090909092	28968441.0
BR_1_19_1	70.16237103745742	55.0	150.0	18.181818181818183	35166876.0
BR_1_19_2	70.27870586169178	56.0	150.0	9.090909090909092	35166876.0
BR_1_25_1	70.56560721308585	54.0	150.0	9.090909090909092	34899835.0
BR_1_25_2	72.45155089800849	54.0	150.0	9.090909090909092	34899835.0
BR_1_31_1	69.47677171934247	54.0	150.0	9.090909090909092	30929183.0
BR_1_31_2	70.69618115881275	54.0	150.0	9.090909090909092	30929183.0
BR_1_35_1	72.3758386750255	54.0	150.0	9.090909090909092	31828616.0
BR_1_35_2	74.20192241719045	54.0	150.0	9.090909090909092	31828616.0
BR_1_8_1	83.24101657253708	54.0	150.0	9.090909090909092	32561094.0
BR_1_8_2	83.48058968281076	54.0	150.0	9.090909090909092	32561094.0
BR_2_13_1	71.51219643871397	55.0	150.0	18.181818181818183	41798968.0
BR_2_13_2	72.16919665753885	56.0	150.0	9.090909090909092	41798968.0
BR_2_19_1	71.89720416053342	54.0	150.0	9.090909090909092	35149192.0
BR_2_19_2	73.84393203639873	54.0	150.0	9.090909090909092	35149192.0
BR_2_25_1	72.73344603393028	54.0	150.0	9.090909090909092	33840843.0
BR_2_25_2	74.37252034261725	54.0	150.0	9.090909090909092	33840843.0
BR_2_8_1	67.40448157987416	55.0	150.0	18.181818181818183	39974315.0
BR_2_8_2	68.76738294860911	56.0	150.0	9.090909090909092	39974315.0
BR_3_13_1	68.97094290094844	55.0	150.0	18.181818181818183	36390317.0
BR_3_13_2	69.42174294648567	56.0	150.0	9.090909090909092	36390317.0
BR_3_19_1	66.41024354490236	55.0	150.0	18.181818181818183	35412952.0
BR_3_19_2	67.5663086300489	55.0	150.0	9.090909090909092	35412952.0
BR_3_25_1	65.04191910664568	55.0	150.0	18.181818181818183	32620049.0
BR_3_25_2	65.37382917808445	56.0	150.0	9.090909090909092	32620049.0
BR_3_31_1	63.18757233211162	55.0	150.0	18.181818181818183	30752550.0
BR_3_31_2	63.230697961039866	56.0	150.0	9.090909090909092	30752550.0
BR_3_35_1	67.10519889273198	55.0	150.0	18.181818181818183	34895335.0
BR_3_35_2	67.58511275375992	55.0	150.0	9.090909090909092	34895335.0
BR_3_8_1	68.25740209945555	55.0	150.0	18.181818181818183	32911314.0
BR_3_8_2	69.06740698556908	55.0	150.0	9.090909090909092	32911314.0
B_1_10_1	67.23882634212009	55.0	150.0	27.27272727272727	33155322.0
B_1_10_2	71.8188243263017	55.0	150.0	9.090909090909092	33155322.0
B_1_11_1	68.8947756755974	55.0	150.0	27.27272727272727	43804752.0
B_1_11_2	74.27270255347864	56.0	150.0	9.090909090909092	43804752.0
B_1_12_1	69.82672120949327	55.0	150.0	27.27272727272727	38187709.0
B_1_12_2	74.18468053965678	55.0	150.0	9.090909090909092	38187709.0
B_1_13_1	63.918072857361125	55.0	150.0	18.181818181818183	30899548.0
B_1_13_2	67.92702680900318	55.0	150.0	9.090909090909092	30899548.0
B_1_14_1	68.73970630809829	55.0	150.0	18.181818181818183	45211301.0
B_1_14_2	73.91775849760108	55.0	150.0	9.090909090909092	45211301.0
B_1_15_1	72.32744588721039	55.0	150.0	27.27272727272727	49600471.0
B_1_15_2	77.76621914471835	55.0	150.0	9.090909090909092	49600471.0
B_1_16_1	70.85211408261856	55.0	150.0	27.27272727272727	40992309.0
B_1_16_2	75.28980537945597	55.0	150.0	9.090909090909092	40992309.0
B_1_17_1	71.71600310367926	54.0	150.0	18.181818181818183	40983822.0
B_1_17_2	76.51400277170102	55.0	150.0	9.090909090909092	40983822.0
B_1_18_1	69.8025832423175	55.0	150.0	18.181818181818183	32952398.0
B_1_18_2	74.12213486496773	56.0	150.0	9.090909090909092	32952398.0
B_1_19_1	68.167429656863	55.0	150.0	18.181818181818183	35799389.0
B_1_19_2	72.91244725093631	56.0	150.0	9.090909090909092	35799389.0
B_1_20_1	65.45399606063171	55.0	150.0	18.181818181818183	32732787.0
B_1_20_2	69.68327237474648	56.0	150.0	9.090909090909092	32732787.0
B_1_21_1	68.39603254521744	55.0	150.0	18.181818181818183	34180842.0
B_1_21_2	72.17362890181015	56.0	150.0	9.090909090909092	34180842.0
B_1_22_1	68.221713940103	55.0	150.0	18.181818181818183	35727621.0
B_1_22_2	72.55012052604995	56.0	150.0	9.090909090909092	35727621.0
B_1_23_1	66.80180753211886	56.0	150.0	18.181818181818183	33869966.0
B_1_23_2	70.94386293302728	56.0	150.0	9.090909090909092	33869966.0
B_1_24_1	69.59097691377612	55.0	150.0	18.181818181818183	33529793.0
B_1_24_2	74.11639983486026	56.0	150.0	9.090909090909092	33529793.0
B_1_25_1	67.2328576975592	53.0	150.0	18.181818181818183	40042732.0
B_1_25_2	71.1428150214969	54.0	150.0	9.090909090909092	40042732.0
B_1_26_1	65.88985150525532	56.0	150.0	18.181818181818183	34653366.0
B_1_26_2	70.2037130577558	56.0	150.0	9.090909090909092	34653366.0
B_1_27_1	73.54273621857936	56.0	150.0	18.181818181818183	39178638.0
B_1_27_2	78.11326338934728	56.0	150.0	9.090909090909092	39178638.0
B_1_28_1	73.26539436732439	55.0	150.0	18.181818181818183	42545329.0
B_1_28_2	77.46372278077996	55.0	150.0	9.090909090909092	42545329.0
B_1_29_1	70.66596939368338	55.0	150.0	18.181818181818183	40707548.0
B_1_29_2	75.13595438180931	55.0	150.0	9.090909090909092	40707548.0
B_1_30_1	69.73199022838624	55.0	150.0	18.181818181818183	40923089.0
B_1_30_2	74.59762401965216	56.0	150.0	9.090909090909092	40923089.0
B_1_31_1	72.48283766072791	56.0	150.0	9.090909090909092	32534125.0
B_1_31_2	71.7775136300907	57.0	150.0	9.090909090909092	32534125.0
B_1_32_1	71.60133736255051	55.0	150.0	9.090909090909092	47047060.0
B_1_32_2	72.57820129386602	56.0	150.0	9.090909090909092	47047060.0
B_1_33_1	73.4987374280008	55.0	150.0	9.090909090909092	41723995.0
B_1_33_2	73.07602260406023	56.0	150.0	9.090909090909092	41723995.0
B_1_34_1	50.078416508298446	56.0	150.0	9.090909090909092	9485752.0
B_1_34_2	51.08685816823868	56.0	150.0	9.090909090909092	9485752.0
B_1_35_1	70.806528517032	55.0	150.0	18.181818181818183	30827048.0
B_1_35_2	72.45189336077135	55.0	150.0	18.181818181818183	30827048.0
B_1_36_1	77.03619003265416	55.0	150.0	9.090909090909092	59147842.0
B_1_36_2	77.00045770125232	55.0	150.0	9.090909090909092	59147842.0
B_1_38_1	65.8527090546188	56.0	150.0	9.090909090909092	32742345.0
B_1_38_2	66.86585009214488	56.0	150.0	9.090909090909092	32742345.0
B_1_39_1	70.86474547486881	56.0	150.0	18.181818181818183	33500344.0
B_1_39_2	68.35994357219982	57.0	150.0	9.090909090909092	33500344.0
B_1_3_1	69.87899475467468	55.0	150.0	18.181818181818183	39897235.0
B_1_3_2	74.38399657217376	56.0	150.0	9.090909090909092	39897235.0
B_1_40_1	63.91903173837035	56.0	150.0	9.090909090909092	38355390.0
B_1_40_2	63.66905698921558	56.0	150.0	9.090909090909092	38355390.0
B_1_41_1	65.12817980622746	55.0	150.0	9.090909090909092	41829230.0
B_1_41_2	65.83168601140342	56.0	150.0	9.090909090909092	41829230.0
B_1_42_1	67.08053249588913	55.0	150.0	9.090909090909092	38522133.0
B_1_42_2	68.56713489923987	55.0	150.0	9.090909090909092	38522133.0
B_1_4_1	67.78516445449864	55.0	150.0	18.181818181818183	35113186.0
B_1_4_2	72.46143479409614	56.0	150.0	9.090909090909092	35113186.0
B_1_5_1	69.66216953292407	55.0	150.0	27.27272727272727	46952000.0
B_1_5_2	75.30355525397489	55.0	150.0	9.090909090909092	46952000.0
B_1_6_1	68.38281769715915	55.0	150.0	18.181818181818183	40820068.0
B_1_6_2	72.7712232075589	56.0	150.0	9.090909090909092	40820068.0
B_1_8_1	77.02151062150156	55.0	150.0	18.181818181818183	36748293.0
B_1_8_2	80.73296902854318	55.0	150.0	9.090909090909092	36748293.0
B_1_9_1	69.5316396928175	55.0	150.0	27.27272727272727	42949335.0
B_1_9_2	74.60442302813033	55.0	150.0	9.090909090909092	42949335.0
B_2_10_1	70.24947542141938	55.0	150.0	18.181818181818183	44180340.0
B_2_10_2	70.66480743497553	55.0	150.0	9.090909090909092	44180340.0
B_2_11_1	67.92415800281688	55.0	150.0	9.090909090909092	32748218.0
B_2_11_2	68.49515125230283	56.0	150.0	9.090909090909092	32748218.0
B_2_12_1	70.31871576938089	55.0	150.0	9.090909090909092	36642698.0
B_2_12_2	68.07929163796742	56.0	150.0	9.090909090909092	36642698.0
B_2_13_1	66.08976855762603	56.0	150.0	9.090909090909092	29563004.0
B_2_13_2	66.76573888773174	56.0	150.0	9.090909090909092	29563004.0
B_2_14_1	75.04879808229578	55.0	150.0	9.090909090909092	42521579.0
B_2_14_2	74.2655175942821	56.0	150.0	9.090909090909092	42521579.0
B_2_15_1	68.86985321399283	55.0	150.0	9.090909090909092	35879600.0
B_2_15_2	69.39355572455474	56.0	150.0	9.090909090909092	35879600.0
B_2_16_1	74.39888465379846	55.0	150.0	9.090909090909092	42239432.0
B_2_16_2	74.46537722033979	55.0	150.0	9.090909090909092	42239432.0
B_2_17_1	74.22918867244948	54.0	150.0	9.090909090909092	37917973.0
B_2_17_2	74.6348709979933	54.0	150.0	9.090909090909092	37917973.0
B_2_18_1	69.52445849337944	55.0	150.0	9.090909090909092	33179920.0
B_2_18_2	70.25954483169642	55.0	150.0	9.090909090909092	33179920.0
B_2_19_1	70.85558314955347	55.0	150.0	9.090909090909092	31779652.0
B_2_19_2	70.24001182577545	56.0	150.0	9.090909090909092	31779652.0
B_2_20_1	65.56411042718071	54.0	150.0	9.090909090909092	30941239.0
B_2_20_2	65.23800865235691	55.0	150.0	9.090909090909092	30941239.0
B_2_21_1	69.93286851711721	55.0	150.0	9.090909090909092	33297333.0
B_2_21_2	70.20102084282615	55.0	150.0	9.090909090909092	33297333.0
B_2_22_1	70.96516786933597	55.0	150.0	9.090909090909092	35317307.0
B_2_22_2	71.42325382470418	55.0	150.0	9.090909090909092	35317307.0
B_2_23_1	71.04189862509834	55.0	150.0	9.090909090909092	35927795.0
B_2_23_2	71.36665227240917	55.0	150.0	9.090909090909092	35927795.0
B_2_24_1	73.76760832001804	55.0	150.0	9.090909090909092	34295380.0
B_2_24_2	72.94877659180067	56.0	150.0	9.090909090909092	34295380.0
B_2_25_1	76.97080792105936	56.0	150.0	9.090909090909092	40259953.0
B_2_25_2	76.16313022663753	56.0	150.0	9.090909090909092	40259953.0
B_2_26_1	71.34251352896271	55.0	150.0	9.090909090909092	30861891.0
B_2_26_2	70.34167423261319	55.0	150.0	9.090909090909092	30861891.0
B_2_27_1	69.29137909557734	55.0	150.0	9.090909090909092	30974219.0
B_2_27_2	69.3417173226056	56.0	150.0	9.090909090909092	30974219.0
B_2_28_1	71.37685166788049	55.0	150.0	9.090909090909092	32573771.0
B_2_28_2	71.9364080247378	56.0	150.0	9.090909090909092	32573771.0
B_2_29_1	69.65593736159592	55.0	150.0	9.090909090909092	36080966.0
B_2_29_2	69.75989148249795	55.0	150.0	9.090909090909092	36080966.0
B_2_30_1	71.94946397547493	55.0	150.0	9.090909090909092	39757100.0
B_2_30_2	71.87852598341082	55.0	150.0	9.090909090909092	39757100.0
B_2_31_1	64.79099530206298	56.0	150.0	9.090909090909092	33412373.0
B_2_31_2	63.75785075737415	56.0	150.0	9.090909090909092	33412373.0
B_2_32_1	65.48215257747954	55.0	150.0	9.090909090909092	29794814.0
B_2_32_2	66.52401982835258	56.0	150.0	9.090909090909092	29794814.0
B_2_33_1	65.17568377933829	55.0	150.0	9.090909090909092	35473307.0
B_2_33_2	65.37259734005409	56.0	150.0	9.090909090909092	35473307.0
B_2_34_1	66.0080519308211	55.0	150.0	9.090909090909092	31736600.0
B_2_34_2	65.96109252866782	56.0	150.0	9.090909090909092	31736600.0
B_2_35_1	65.75404252645605	56.0	150.0	9.090909090909092	32673706.0
B_2_35_2	66.02158595083722	56.0	150.0	9.090909090909092	32673706.0
B_2_36_1	71.18843139646206	55.0	150.0	9.090909090909092	33408579.0
B_2_36_2	72.8180216077825	55.0	150.0	9.090909090909092	33408579.0
B_2_38_1	72.4678021989559	55.0	150.0	9.090909090909092	36340726.0
B_2_38_2	71.30584479884845	56.0	150.0	9.090909090909092	36340726.0
B_2_39_1	75.80040466643901	51.0	150.0	9.090909090909092	34229214.0
B_2_39_2	74.99325316775585	52.0	150.0	9.090909090909092	34229214.0
B_2_3_1	66.55500152479426	55.0	150.0	9.090909090909092	36114559.0
B_2_3_2	66.80985028011898	55.0	150.0	9.090909090909092	36114559.0
B_2_40_1	65.09214048336833	55.0	150.0	9.090909090909092	38890548.0
B_2_40_2	65.83040044092394	55.0	150.0	9.090909090909092	38890548.0
B_2_41_1	61.88314711390754	56.0	150.0	9.090909090909092	29961543.0
B_2_41_2	62.2739281558836	56.0	150.0	9.090909090909092	29961543.0
B_2_42_1	65.93960051158943	55.0	150.0	9.090909090909092	40267487.0
B_2_42_2	66.89806361523004	56.0	150.0	9.090909090909092	40267487.0
B_2_4_1	67.82471470050515	55.0	150.0	18.181818181818183	31844345.0
B_2_4_2	68.00620101180967	55.0	150.0	9.090909090909092	31844345.0
B_2_5_1	70.9418368297168	55.0	150.0	9.090909090909092	42839526.0
B_2_5_2	70.95028418172286	55.0	150.0	9.090909090909092	42839526.0
B_2_6_1	70.0812848812333	55.0	150.0	9.090909090909092	41825000.0
B_2_6_2	69.79829288468724	55.0	150.0	9.090909090909092	41825000.0
B_2_8_1	67.813846107667	55.0	150.0	9.090909090909092	38595587.0
B_2_8_2	67.75303974587699	56.0	150.0	9.090909090909092	38595587.0
B_2_9_1	69.03690784425044	55.0	150.0	9.090909090909092	38160849.0
B_2_9_2	69.07719476621327	56.0	150.0	9.090909090909092	38160849.0
B_3_10_1	70.87249373771812	54.0	150.0	9.090909090909092	34737480.0
B_3_10_2	71.48675345713644	55.0	150.0	9.090909090909092	34737480.0
B_3_11_1	77.37421503326158	55.0	150.0	9.090909090909092	58496505.0
B_3_11_2	77.49026729332438	55.0	150.0	9.090909090909092	58496505.0
B_3_12_1	71.19255097475828	55.0	150.0	18.181818181818183	40028400.0
B_3_12_2	75.80416785401431	55.0	150.0	9.090909090909092	40028400.0
B_3_13_1	70.09556363205857	56.0	150.0	18.181818181818183	44311577.0
B_3_13_2	75.51280879625432	56.0	150.0	9.090909090909092	44311577.0
B_3_14_1	68.21703379411034	55.0	150.0	18.181818181818183	42679197.0
B_3_14_2	73.54784199476407	55.0	150.0	9.090909090909092	42679197.0
B_3_15_1	74.2308540197346	55.0	150.0	18.181818181818183	47212184.0
B_3_15_2	74.4987742032522	56.0	150.0	9.090909090909092	47212184.0
B_3_16_1	69.09894977910781	55.0	150.0	27.27272727272727	41752431.0
B_3_16_2	74.09157917095492	55.0	150.0	9.090909090909092	41752431.0
B_3_17_1	70.25699292351008	55.0	150.0	27.27272727272727	41144847.0
B_3_17_2	75.4776505434852	55.0	150.0	9.090909090909092	41144847.0
B_3_18_1	70.0200578575716	55.0	150.0	27.27272727272727	46452113.0
B_3_18_2	75.19924864231942	56.0	150.0	9.090909090909092	46452113.0
B_3_19_1	66.65375740806473	56.0	150.0	18.181818181818183	40848062.0
B_3_19_2	71.40461222717161	56.0	150.0	9.090909090909092	40848062.0
B_3_20_1	69.68320306462823	55.0	150.0	18.181818181818183	47099051.0
B_3_20_2	74.79631105336463	56.0	150.0	9.090909090909092	47099051.0
B_3_21_1	69.34924688048267	55.0	150.0	18.181818181818183	44199298.0
B_3_21_2	74.51827401054207	56.0	150.0	9.090909090909092	44199298.0
B_3_22_1	70.57615449422167	55.0	150.0	18.181818181818183	42153206.0
B_3_22_2	74.94277063905999	55.0	150.0	9.090909090909092	42153206.0
B_3_23_1	72.0119271899948	55.0	150.0	18.181818181818183	43969735.0
B_3_23_2	76.49483133761345	56.0	150.0	9.090909090909092	43969735.0
B_3_24_1	69.12265228728052	55.0	150.0	18.181818181818183	37908176.0
B_3_24_2	73.40102355640906	56.0	150.0	9.090909090909092	37908176.0
B_3_25_1	65.2478931308498	56.0	150.0	18.181818181818183	38646494.0
B_3_25_2	70.3983089594902	56.0	150.0	9.090909090909092	38646494.0
B_3_26_1	66.6116473714263	55.0	150.0	18.181818181818183	38397043.0
B_3_26_2	71.21216049480283	56.0	150.0	9.090909090909092	38397043.0
B_3_27_1	68.45325452058248	55.0	150.0	18.181818181818183	42872800.0
B_3_27_2	73.31304182387908	55.0	150.0	9.090909090909092	42872800.0
B_3_28_1	68.65630826907622	55.0	150.0	18.181818181818183	39412393.0
B_3_28_2	73.63323623643846	56.0	150.0	9.090909090909092	39412393.0
B_3_29_1	69.48185710482592	55.0	150.0	18.181818181818183	42762455.0
B_3_29_2	74.3376665272259	55.0	150.0	9.090909090909092	42762455.0
B_3_30_1	69.41951487427141	55.0	150.0	18.181818181818183	39244385.0
B_3_30_2	73.80508825663748	56.0	150.0	9.090909090909092	39244385.0
B_3_31_1	64.58036558470715	55.0	150.0	18.181818181818183	43049268.0
B_3_31_2	69.69864682524457	56.0	150.0	9.090909090909092	43049268.0
B_3_32_1	65.04209260213685	56.0	150.0	27.27272727272727	48597901.0
B_3_32_2	69.24067374304168	56.0	150.0	9.090909090909092	48597901.0
B_3_33_1	65.07344535330675	56.0	150.0	18.181818181818183	35848217.0
B_3_33_2	69.48289671247234	56.0	150.0	9.090909090909092	35848217.0
B_3_34_1	66.58782899915205	55.0	150.0	18.181818181818183	39569546.0
B_3_34_2	71.51421626871556	56.0	150.0	9.090909090909092	39569546.0
B_3_35_1	66.24410768031939	55.0	150.0	18.181818181818183	37044618.0
B_3_35_2	70.51883522681649	56.0	150.0	9.090909090909092	37044618.0
B_3_36_1	65.3146065742954	56.0	150.0	18.181818181818183	38735856.0
B_3_36_2	70.07574315198768	56.0	150.0	9.090909090909092	38735856.0
B_3_38_1	61.593030684007495	54.0	150.0	9.090909090909092	33329250.0
B_3_38_2	62.150586642620055	55.0	150.0	9.090909090909092	33329250.0
B_3_39_1	63.6155652278377	55.0	150.0	18.181818181818183	42704237.0
B_3_39_2	67.94511961557814	56.0	150.0	9.090909090909092	42704237.0
B_3_3_1	65.94587648989663	55.0	150.0	18.181818181818183	31909816.0
B_3_3_2	66.74468973896475	55.0	150.0	9.090909090909092	31909816.0
B_3_40_1	62.88487225839701	55.0	150.0	18.181818181818183	42591812.0
B_3_40_2	67.69582722590764	56.0	150.0	9.090909090909092	42591812.0
B_3_41_1	64.94494830947177	55.0	150.0	18.181818181818183	42327748.0
B_3_41_2	69.5025483888671	56.0	150.0	9.090909090909092	42327748.0
B_3_42_1	66.73707208872949	55.0	150.0	18.181818181818183	50432022.0
B_3_42_2	72.3139336892877	56.0	150.0	9.090909090909092	50432022.0
B_3_4_1	68.57741712286548	55.0	150.0	9.090909090909092	36542971.0
B_3_4_2	68.93782313276739	55.0	150.0	9.090909090909092	36542971.0
B_3_5_1	68.12494116438116	55.0	150.0	9.090909090909092	35266084.0
B_3_5_2	69.16884646307813	55.0	150.0	9.090909090909092	35266084.0
B_3_6_1	69.6693856374724	55.0	150.0	9.090909090909092	42886169.0
B_3_6_2	70.54678844979345	55.0	150.0	9.090909090909092	42886169.0
B_3_8_1	70.39439145012634	55.0	150.0	9.090909090909092	40123907.0
B_3_8_2	70.63879130950181	55.0	150.0	9.090909090909092	40123907.0
B_3_9_1	72.53673372773648	55.0	150.0	9.090909090909092	36363112.0
B_3_9_2	72.65730710460197	56.0	150.0	9.090909090909092	36363112.0
re_B_1_34_1	65.75737441051244	56.0	150.0	9.090909090909092	26123065.0
re_B_1_34_2	66.36688316359523	56.0	150.0	9.090909090909092	26123065.0
