	13.0	14.0	15.0	16.0	17.0	18.0	19.0	20.0	21.0	22.0	23.0	24.0	25.0	26.0	27.0	28.0	29.0	30.0	31.0	32.0	33.0	34.0	35.0	36.0	37.0
BR_1_13_1	9.0	45.0	200.0	508.0	1115.0	1904.0	3425.0	5568.0	8574.0	12627.0	18111.0	25579.0	36792.0	53764.0	79608.0	117041.0	169175.0	235674.0	322672.0	441533.0	629528.0	1030662.0	2600509.0	20753614.0	2420204.0
	11.0	12.0	13.0	14.0	15.0	16.0	17.0	18.0	19.0	20.0	21.0	22.0	23.0	24.0	25.0	26.0	27.0	28.0	29.0	30.0	31.0	32.0	33.0	34.0	35.0	36.0	37.0
BR_1_13_2	3.0	128.0	599.0	1239.0	2017.0	3341.0	4475.0	6317.0	8082.0	10543.0	13852.0	17693.0	22405.0	28964.0	37078.0	48723.0	64581.0	86222.0	118994.0	165456.0	241881.0	381297.0	682938.0	1526444.0	4967940.0	19436013.0	1091216.0
	13.0	14.0	15.0	16.0	17.0	18.0	19.0	20.0	21.0	22.0	23.0	24.0	25.0	26.0	27.0	28.0	29.0	30.0	31.0	32.0	33.0	34.0	35.0	36.0	37.0
BR_1_19_1	10.0	148.0	545.0	1330.0	2484.0	4564.0	7906.0	12692.0	19589.0	28845.0	42620.0	61063.0	87427.0	124545.0	177787.0	250530.0	349425.0	470962.0	624848.0	836081.0	1112427.0	1663463.0	3466304.0	22897610.0	2923671.0
	11.0	12.0	13.0	14.0	15.0	16.0	17.0	18.0	19.0	20.0	21.0	22.0	23.0	24.0	25.0	26.0	27.0	28.0	29.0	30.0	31.0	32.0	33.0	34.0	35.0	36.0	37.0
BR_1_19_2	12.0	474.0	2853.0	6279.0	9284.0	12206.0	15357.0	18955.0	23236.0	29623.0	38657.0	52551.0	69830.0	90366.0	113931.0	143456.0	183491.0	236963.0	313343.0	414628.0	568339.0	807814.0	1240983.0	2299976.0	6278119.0	21164881.0	1031269.0
	13.0	14.0	15.0	16.0	17.0	18.0	19.0	20.0	21.0	22.0	23.0	24.0	25.0	26.0	27.0	28.0	29.0	30.0	31.0	32.0	33.0	34.0	35.0	36.0	37.0
BR_1_25_1	13.0	69.0	353.0	772.0	1645.0	2859.0	4754.0	7903.0	12274.0	18794.0	27343.0	40558.0	60618.0	89505.0	132188.0	189959.0	264132.0	355880.0	470721.0	620924.0	845980.0	1337491.0	3278019.0	24285441.0	2851640.0
	11.0	12.0	13.0	14.0	15.0	16.0	17.0	18.0	19.0	20.0	21.0	22.0	23.0	24.0	25.0	26.0	27.0	28.0	29.0	30.0	31.0	32.0	33.0	34.0	35.0	36.0	37.0
BR_1_25_2	7.0	311.0	1238.0	2334.0	3542.0	5411.0	7721.0	10230.0	13173.0	16665.0	21555.0	27508.0	36142.0	45913.0	59805.0	77569.0	102319.0	135836.0	183296.0	250476.0	357271.0	546576.0	951106.0	2010204.0	6010360.0	22729561.0	1293706.0
	13.0	14.0	15.0	16.0	17.0	18.0	19.0	20.0	21.0	22.0	23.0	24.0	25.0	26.0	27.0	28.0	29.0	30.0	31.0	32.0	33.0	34.0	35.0	36.0	37.0
BR_1_31_1	3.0	72.0	269.0	660.0	1396.0	2514.0	4249.0	6652.0	10732.0	15728.0	23129.0	33945.0	49683.0	73399.0	106941.0	152937.0	215051.0	290716.0	387992.0	517111.0	723693.0	1178389.0	2922480.0	21580988.0	2630454.0
	11.0	12.0	13.0	14.0	15.0	16.0	17.0	18.0	19.0	20.0	21.0	22.0	23.0	24.0	25.0	26.0	27.0	28.0	29.0	30.0	31.0	32.0	33.0	34.0	35.0	36.0	37.0
BR_1_31_2	6.0	160.0	841.0	1898.0	3317.0	5024.0	7514.0	10046.0	12612.0	15999.0	20888.0	26842.0	35039.0	45202.0	58449.0	76436.0	99587.0	130942.0	177328.0	240314.0	345850.0	541845.0	970473.0	2104325.0	6219990.0	18990681.0	787575.0
	13.0	14.0	15.0	16.0	17.0	18.0	19.0	20.0	21.0	22.0	23.0	24.0	25.0	26.0	27.0	28.0	29.0	30.0	31.0	32.0	33.0	34.0	35.0	36.0	37.0
BR_1_35_1	5.0	66.0	250.0	565.0	1236.0	2111.0	3482.0	5672.0	8743.0	13377.0	20007.0	30043.0	45147.0	69038.0	103091.0	149264.0	211183.0	286239.0	383480.0	514297.0	721452.0	1187193.0	2983169.0	22466526.0	2622980.0
	11.0	12.0	13.0	14.0	15.0	16.0	17.0	18.0	19.0	20.0	21.0	22.0	23.0	24.0	25.0	26.0	27.0	28.0	29.0	30.0	31.0	32.0	33.0	34.0	35.0	36.0	37.0
BR_1_35_2	9.0	163.0	811.0	1626.0	2895.0	4341.0	6462.0	8294.0	10712.0	13897.0	18613.0	24265.0	31287.0	40441.0	52003.0	67003.0	87450.0	114230.0	154042.0	209162.0	299522.0	465343.0	826897.0	1773856.0	5371952.0	21039758.0	1203582.0
	13.0	14.0	15.0	16.0	17.0	18.0	19.0	20.0	21.0	22.0	23.0	24.0	25.0	26.0	27.0	28.0	29.0	30.0	31.0	32.0	33.0	34.0	35.0	36.0	37.0
BR_1_8_1	7.0	46.0	164.0	456.0	950.0	1736.0	3267.0	5295.0	8557.0	13022.0	19508.0	29055.0	44021.0	67345.0	101547.0	148648.0	211108.0	288195.0	388616.0	526515.0	741599.0	1225398.0	3144977.0	23048268.0	2542794.0
	11.0	12.0	13.0	14.0	15.0	16.0	17.0	18.0	19.0	20.0	21.0	22.0	23.0	24.0	25.0	26.0	27.0	28.0	29.0	30.0	31.0	32.0	33.0	34.0	35.0	36.0	37.0
BR_1_8_2	7.0	236.0	978.0	1647.0	2420.0	3584.0	5228.0	6971.0	9409.0	12530.0	16908.0	23182.0	31173.0	41751.0	54752.0	71430.0	93963.0	123880.0	166783.0	228068.0	329040.0	521224.0	937839.0	2045844.0	6148895.0	20717508.0	965844.0
	13.0	14.0	15.0	16.0	17.0	18.0	19.0	20.0	21.0	22.0	23.0	24.0	25.0	26.0	27.0	28.0	29.0	30.0	31.0	32.0	33.0	34.0	35.0	36.0	37.0
BR_2_13_1	23.0	146.0	571.0	1432.0	2874.0	5316.0	9467.0	14853.0	22801.0	33886.0	49268.0	70697.0	101675.0	144521.0	206168.0	292080.0	405457.0	550221.0	730377.0	964320.0	1310183.0	1990002.0	4148771.0	27210359.0	3533500.0
	11.0	12.0	13.0	14.0	15.0	16.0	17.0	18.0	19.0	20.0	21.0	22.0	23.0	24.0	25.0	26.0	27.0	28.0	29.0	30.0	31.0	32.0	33.0	34.0	35.0	36.0	37.0
BR_2_13_2	5.0	368.0	2481.0	5872.0	9373.0	12435.0	15955.0	19975.0	25206.0	31903.0	41602.0	55955.0	74216.0	95124.0	119467.0	149458.0	191191.0	249768.0	331767.0	445008.0	616513.0	887745.0	1371365.0	2532021.0	6899726.0	26187672.0	1426797.0
	12.0	13.0	14.0	15.0	16.0	17.0	18.0	19.0	20.0	21.0	22.0	23.0	24.0	25.0	26.0	27.0	28.0	29.0	30.0	31.0	32.0	33.0	34.0	35.0	36.0	37.0
BR_2_19_1	1.0	7.0	79.0	297.0	689.0	1280.0	2345.0	3930.0	6247.0	9410.0	13913.0	20706.0	30392.0	45651.0	68998.0	104098.0	152122.0	217726.0	298258.0	400914.0	542620.0	763010.0	1230445.0	3129929.0	25220852.0	2885273.0
	11.0	12.0	13.0	14.0	15.0	16.0	17.0	18.0	19.0	20.0	21.0	22.0	23.0	24.0	25.0	26.0	27.0	28.0	29.0	30.0	31.0	32.0	33.0	34.0	35.0	36.0	37.0
BR_2_19_2	11.0	448.0	1450.0	2415.0	3494.0	5219.0	7223.0	9688.0	12494.0	15746.0	19961.0	25578.0	32836.0	42469.0	55689.0	72340.0	95201.0	125181.0	168461.0	230959.0	330048.0	504872.0	878617.0	1941678.0	6386808.0	23073630.0	1106676.0
	13.0	14.0	15.0	16.0	17.0	18.0	19.0	20.0	21.0	22.0	23.0	24.0	25.0	26.0	27.0	28.0	29.0	30.0	31.0	32.0	33.0	34.0	35.0	36.0	37.0
BR_2_25_1	5.0	58.0	247.0	590.0	1351.0	2412.0	4389.0	6803.0	10560.0	15773.0	23659.0	34505.0	51863.0	77313.0	114552.0	166282.0	237069.0	327363.0	445928.0	613427.0	881227.0	1500143.0	3851225.0	23236525.0	2237574.0
	11.0	12.0	13.0	14.0	15.0	16.0	17.0	18.0	19.0	20.0	21.0	22.0	23.0	24.0	25.0	26.0	27.0	28.0	29.0	30.0	31.0	32.0	33.0	34.0	35.0	36.0	37.0
BR_2_25_2	6.0	94.0	657.0	1740.0	3245.0	5160.0	7373.0	9986.0	13104.0	16329.0	21155.0	26430.0	33281.0	41865.0	53841.0	70443.0	93102.0	125758.0	171997.0	242466.0	360850.0	584004.0	1070196.0	2317407.0	6643608.0	20956934.0	969812.0
	13.0	14.0	15.0	16.0	17.0	18.0	19.0	20.0	21.0	22.0	23.0	24.0	25.0	26.0	27.0	28.0	29.0	30.0	31.0	32.0	33.0	34.0	35.0	36.0	37.0
BR_2_8_1	13.0	177.0	578.0	1461.0	3044.0	5392.0	8969.0	14573.0	21863.0	32796.0	47619.0	68456.0	98225.0	141781.0	203147.0	287415.0	398743.0	535291.0	707502.0	930567.0	1258158.0	1879380.0	3908708.0	26010005.0	3410452.0
	11.0	12.0	13.0	14.0	15.0	16.0	17.0	18.0	19.0	20.0	21.0	22.0	23.0	24.0	25.0	26.0	27.0	28.0	29.0	30.0	31.0	32.0	33.0	34.0	35.0	36.0	37.0
BR_2_8_2	8.0	427.0	2912.0	6156.0	9765.0	12954.0	16236.0	19725.0	24956.0	31333.0	40545.0	54705.0	71750.0	93183.0	115688.0	143322.0	183913.0	236565.0	313255.0	417252.0	574523.0	822186.0	1269557.0	2339388.0	6423633.0	25282059.0	1468319.0
	13.0	14.0	15.0	16.0	17.0	18.0	19.0	20.0	21.0	22.0	23.0	24.0	25.0	26.0	27.0	28.0	29.0	30.0	31.0	32.0	33.0	34.0	35.0	36.0	37.0
BR_3_13_1	14.0	160.0	567.0	1380.0	2766.0	5166.0	8577.0	13556.0	20416.0	30247.0	44009.0	63259.0	89911.0	128731.0	185308.0	263593.0	368690.0	496639.0	660923.0	877053.0	1175556.0	1757350.0	3627982.0	23507301.0	3061163.0
	11.0	12.0	13.0	14.0	15.0	16.0	17.0	18.0	19.0	20.0	21.0	22.0	23.0	24.0	25.0	26.0	27.0	28.0	29.0	30.0	31.0	32.0	33.0	34.0	35.0	36.0	37.0
BR_3_13_2	2.0	358.0	2199.0	5090.0	7823.0	10660.0	13659.0	17429.0	21796.0	28135.0	37261.0	51424.0	68961.0	89058.0	112069.0	141290.0	182248.0	236227.0	313837.0	418001.0	576544.0	822597.0	1261106.0	2318378.0	6254772.0	22159266.0	1240127.0
	12.0	13.0	14.0	15.0	16.0	17.0	18.0	19.0	20.0	21.0	22.0	23.0	24.0	25.0	26.0	27.0	28.0	29.0	30.0	31.0	32.0	33.0	34.0	35.0	36.0	37.0
BR_3_19_1	1.0	16.0	189.0	688.0	1523.0	3099.0	5659.0	9334.0	14560.0	21965.0	31960.0	45727.0	64719.0	91530.0	129100.0	182173.0	255562.0	354536.0	477243.0	632497.0	830194.0	1122507.0	1695006.0	3485340.0	22929157.0	3028667.0
	11.0	12.0	13.0	14.0	15.0	16.0	17.0	18.0	19.0	20.0	21.0	22.0	23.0	24.0	25.0	26.0	27.0	28.0	29.0	30.0	31.0	32.0	33.0	34.0	35.0	36.0	37.0
BR_3_19_2	8.0	392.0	2549.0	5999.0	9592.0	12849.0	16250.0	19831.0	24351.0	29996.0	39082.0	51217.0	66443.0	85266.0	106735.0	133318.0	169738.0	220918.0	292035.0	390755.0	539863.0	774483.0	1191237.0	2182051.0	5895482.0	21910918.0	1241594.0
	13.0	14.0	15.0	16.0	17.0	18.0	19.0	20.0	21.0	22.0	23.0	24.0	25.0	26.0	27.0	28.0	29.0	30.0	31.0	32.0	33.0	34.0	35.0	36.0	37.0
BR_3_25_1	12.0	129.0	509.0	1254.0	2623.0	4782.0	7994.0	12377.0	19138.0	28672.0	41366.0	58312.0	82767.0	117737.0	166514.0	235179.0	323980.0	435460.0	578254.0	762442.0	1021997.0	1523069.0	3152866.0	21116073.0	2926543.0
	11.0	12.0	13.0	14.0	15.0	16.0	17.0	18.0	19.0	20.0	21.0	22.0	23.0	24.0	25.0	26.0	27.0	28.0	29.0	30.0	31.0	32.0	33.0	34.0	35.0	36.0	37.0
BR_3_25_2	5.0	182.0	1474.0	3722.0	6153.0	8987.0	12528.0	16687.0	21247.0	27005.0	35957.0	47756.0	63019.0	80403.0	100326.0	125555.0	158906.0	206170.0	272459.0	363760.0	498915.0	713655.0	1101524.0	2026905.0	5510311.0	20101536.0	1114902.0
	12.0	13.0	14.0	15.0	16.0	17.0	18.0	19.0	20.0	21.0	22.0	23.0	24.0	25.0	26.0	27.0	28.0	29.0	30.0	31.0	32.0	33.0	34.0	35.0	36.0	37.0
BR_3_31_1	1.0	13.0	167.0	600.0	1359.0	2756.0	5139.0	8669.0	13699.0	20909.0	30972.0	44623.0	63394.0	87590.0	120954.0	166591.0	229348.0	313270.0	419945.0	556883.0	733490.0	997886.0	1492198.0	3083792.0	19744795.0	2613507.0
	11.0	12.0	13.0	14.0	15.0	16.0	17.0	18.0	19.0	20.0	21.0	22.0	23.0	24.0	25.0	26.0	27.0	28.0	29.0	30.0	31.0	32.0	33.0	34.0	35.0	36.0	37.0
BR_3_31_2	2.0	224.0	1594.0	4344.0	7492.0	10951.0	14878.0	19008.0	23886.0	29901.0	38685.0	50040.0	64281.0	80464.0	100043.0	122926.0	158957.0	205759.0	272009.0	364526.0	500816.0	716342.0	1107091.0	2060063.0	5571209.0	18364069.0	862990.0
	13.0	14.0	15.0	16.0	17.0	18.0	19.0	20.0	21.0	22.0	23.0	24.0	25.0	26.0	27.0	28.0	29.0	30.0	31.0	32.0	33.0	34.0	35.0	36.0	37.0
BR_3_35_1	9.0	160.0	496.0	1249.0	2551.0	4634.0	7635.0	12216.0	19384.0	28710.0	41596.0	60214.0	86303.0	122341.0	175642.0	247737.0	345358.0	467175.0	618357.0	814774.0	1108335.0	1655513.0	3438089.0	22701844.0	2935013.0
	11.0	12.0	13.0	14.0	15.0	16.0	17.0	18.0	19.0	20.0	21.0	22.0	23.0	24.0	25.0	26.0	27.0	28.0	29.0	30.0	31.0	32.0	33.0	34.0	35.0	36.0	37.0
BR_3_35_2	5.0	273.0	1971.0	4599.0	7760.0	10452.0	13675.0	17790.0	22563.0	28636.0	38396.0	51992.0	67940.0	87640.0	110537.0	137176.0	176051.0	226580.0	301383.0	402119.0	551973.0	792306.0	1224746.0	2261650.0	6076613.0	21157188.0	1123321.0
	13.0	14.0	15.0	16.0	17.0	18.0	19.0	20.0	21.0	22.0	23.0	24.0	25.0	26.0	27.0	28.0	29.0	30.0	31.0	32.0	33.0	34.0	35.0	36.0	37.0
BR_3_8_1	9.0	124.0	446.0	1119.0	2138.0	4121.0	7018.0	10937.0	17101.0	25100.0	36381.0	52210.0	74458.0	107023.0	153299.0	218883.0	307462.0	419916.0	564561.0	751231.0	1027947.0	1542476.0	3194241.0	21471560.0	2921553.0
	11.0	12.0	13.0	14.0	15.0	16.0	17.0	18.0	19.0	20.0	21.0	22.0	23.0	24.0	25.0	26.0	27.0	28.0	29.0	30.0	31.0	32.0	33.0	34.0	35.0	36.0	37.0
BR_3_8_2	8.0	295.0	1987.0	4350.0	6877.0	9008.0	11688.0	14700.0	18591.0	23651.0	31162.0	41810.0	55246.0	71065.0	89673.0	112778.0	145248.0	190542.0	254694.0	342585.0	478379.0	692869.0	1075019.0	1993651.0	5445683.0	20649944.0	1149811.0
	12.0	13.0	14.0	15.0	16.0	17.0	18.0	19.0	20.0	21.0	22.0	23.0	24.0	25.0	26.0	27.0	28.0	29.0	30.0	31.0	32.0	33.0	34.0	35.0	36.0	37.0
B_1_10_1	1.0	61.0	319.0	905.0	1622.0	2511.0	3856.0	5300.0	7868.0	10862.0	15420.0	21265.0	30029.0	43105.0	64740.0	97833.0	145018.0	205657.0	278317.0	365465.0	475342.0	636558.0	941064.0	1925106.0	22887113.0	4989985.0
	11.0	12.0	13.0	14.0	15.0	16.0	17.0	18.0	19.0	20.0	21.0	22.0	23.0	24.0	25.0	26.0	27.0	28.0	29.0	30.0	31.0	32.0	33.0	34.0	35.0	36.0	37.0
B_1_10_2	12.0	600.0	2636.0	4535.0	6192.0	8297.0	10686.0	13168.0	15495.0	18864.0	22983.0	27829.0	33911.0	41043.0	50032.0	60714.0	75779.0	95740.0	125946.0	167600.0	232688.0	330069.0	505204.0	909295.0	2681370.0	24409245.0	3305389.0
	12.0	13.0	14.0	15.0	16.0	17.0	18.0	19.0	20.0	21.0	22.0	23.0	24.0	25.0	26.0	27.0	28.0	29.0	30.0	31.0	32.0	33.0	34.0	35.0	36.0	37.0
B_1_11_1	1.0	53.0	459.0	1129.0	2201.0	3538.0	5408.0	7479.0	10668.0	14971.0	20740.0	28322.0	40172.0	56723.0	84632.0	126646.0	185730.0	262895.0	355945.0	470552.0	613364.0	823737.0	1234372.0	2553449.0	30280446.0	6621120.0
	11.0	12.0	13.0	14.0	15.0	16.0	17.0	18.0	19.0	20.0	21.0	22.0	23.0	24.0	25.0	26.0	27.0	28.0	29.0	30.0	31.0	32.0	33.0	34.0	35.0	36.0	37.0
B_1_11_2	32.0	1246.0	5292.0	8800.0	12138.0	15492.0	19101.0	23092.0	26501.0	31747.0	37288.0	44006.0	52472.0	61528.0	73726.0	88462.0	109593.0	136834.0	176947.0	231988.0	315638.0	446754.0	665553.0	1193333.0	3694136.0	32363246.0	3969807.0
	13.0	14.0	15.0	16.0	17.0	18.0	19.0	20.0	21.0	22.0	23.0	24.0	25.0	26.0	27.0	28.0	29.0	30.0	31.0	32.0	33.0	34.0	35.0	36.0	37.0
B_1_12_1	55.0	341.0	944.0	1677.0	2605.0	3957.0	5520.0	7694.0	10926.0	14838.0	20931.0	28929.0	40275.0	58157.0	88116.0	130739.0	192225.0	268081.0	363921.0	488664.0	668811.0	1000914.0	2088841.0	26611058.0	6089490.0
	11.0	12.0	13.0	14.0	15.0	16.0	17.0	18.0	19.0	20.0	21.0	22.0	23.0	24.0	25.0	26.0	27.0	28.0	29.0	30.0	31.0	32.0	33.0	34.0	35.0	36.0	37.0
B_1_12_2	15.0	589.0	2916.0	5463.0	7874.0	10379.0	13366.0	16134.0	19472.0	23253.0	27961.0	33319.0	40068.0	48555.0	59975.0	73009.0	91292.0	116756.0	154104.0	205163.0	281940.0	400245.0	606478.0	1117254.0	3635401.0	28450943.0	2745785.0
	13.0	14.0	15.0	16.0	17.0	18.0	19.0	20.0	21.0	22.0	23.0	24.0	25.0	26.0	27.0	28.0	29.0	30.0	31.0	32.0	33.0	34.0	35.0	36.0	37.0
B_1_13_1	23.0	214.0	624.0	1185.0	1850.0	2975.0	4186.0	6055.0	8793.0	12476.0	18063.0	25750.0	37324.0	56244.0	85046.0	124690.0	178662.0	242782.0	322774.0	425227.0	574673.0	865008.0	1855771.0	21665085.0	4384068.0
	11.0	12.0	13.0	14.0	15.0	16.0	17.0	18.0	19.0	20.0	21.0	22.0	23.0	24.0	25.0	26.0	27.0	28.0	29.0	30.0	31.0	32.0	33.0	34.0	35.0	36.0	37.0
B_1_13_2	35.0	1083.0	3604.0	5499.0	7070.0	8844.0	11281.0	13746.0	16691.0	20078.0	25133.0	31726.0	40130.0	51281.0	64297.0	79761.0	100926.0	126910.0	163746.0	212857.0	285780.0	402393.0	617483.0	1206042.0	4157543.0	21697638.0	1547971.0
	12.0	13.0	14.0	15.0	16.0	17.0	18.0	19.0	20.0	21.0	22.0	23.0	24.0	25.0	26.0	27.0	28.0	29.0	30.0	31.0	32.0	33.0	34.0	35.0	36.0	37.0
B_1_14_1	2.0	60.0	390.0	1004.0	1950.0	3094.0	4575.0	6698.0	9472.0	13703.0	19535.0	27777.0	38956.0	56159.0	84211.0	127660.0	188821.0	271442.0	368551.0	486064.0	636790.0	849077.0	1262680.0	2599861.0	31127382.0	7025387.0
	11.0	12.0	13.0	14.0	15.0	16.0	17.0	18.0	19.0	20.0	21.0	22.0	23.0	24.0	25.0	26.0	27.0	28.0	29.0	30.0	31.0	32.0	33.0	34.0	35.0	36.0	37.0
B_1_14_2	18.0	763.0	3158.0	5658.0	8085.0	11215.0	14398.0	17758.0	21763.0	26326.0	32481.0	40324.0	50185.0	61782.0	76581.0	94097.0	117718.0	150589.0	197802.0	262427.0	358610.0	505005.0	759814.0	1386858.0	4367571.0	33243918.0	3396397.0
	12.0	13.0	14.0	15.0	16.0	17.0	18.0	19.0	20.0	21.0	22.0	23.0	24.0	25.0	26.0	27.0	28.0	29.0	30.0	31.0	32.0	33.0	34.0	35.0	36.0	37.0
B_1_15_1	1.0	51.0	329.0	1007.0	1776.0	3144.0	4653.0	6724.0	9755.0	14045.0	19803.0	27963.0	40187.0	58092.0	87347.0	132921.0	197378.0	286115.0	392033.0	523542.0	688131.0	925950.0	1388792.0	2893234.0	34487091.0	7410407.0
	11.0	12.0	13.0	14.0	15.0	16.0	17.0	18.0	19.0	20.0	21.0	22.0	23.0	24.0	25.0	26.0	27.0	28.0	29.0	30.0	31.0	32.0	33.0	34.0	35.0	36.0	37.0
B_1_15_2	41.0	1077.0	4128.0	6403.0	8939.0	11483.0	14911.0	18518.0	22302.0	27301.0	33808.0	42149.0	52075.0	64957.0	80860.0	98694.0	124739.0	159235.0	209833.0	277402.0	380806.0	542189.0	817120.0	1495483.0	4828398.0	36489042.0	3788578.0
	12.0	13.0	14.0	15.0	16.0	17.0	18.0	19.0	20.0	21.0	22.0	23.0	24.0	25.0	26.0	27.0	28.0	29.0	30.0	31.0	32.0	33.0	34.0	35.0	36.0	37.0
B_1_16_1	1.0	39.0	424.0	1075.0	1971.0	3000.0	4299.0	6113.0	8756.0	12149.0	17084.0	23829.0	33722.0	48109.0	71433.0	107919.0	159938.0	230913.0	317241.0	421938.0	558185.0	757457.0	1127623.0	2359719.0	28641912.0	6077460.0
	11.0	12.0	13.0	14.0	15.0	16.0	17.0	18.0	19.0	20.0	21.0	22.0	23.0	24.0	25.0	26.0	27.0	28.0	29.0	30.0	31.0	32.0	33.0	34.0	35.0	36.0	37.0
B_1_16_2	39.0	1164.0	4579.0	7357.0	9819.0	12180.0	15303.0	18434.0	21592.0	25956.0	31900.0	39558.0	48710.0	60913.0	75100.0	92135.0	115764.0	147548.0	193018.0	253081.0	344646.0	488100.0	737331.0	1378034.0	4628742.0	29791209.0	2450097.0
	12.0	13.0	14.0	15.0	16.0	17.0	18.0	19.0	20.0	21.0	22.0	23.0	24.0	25.0	26.0	27.0	28.0	29.0	30.0	31.0	32.0	33.0	34.0	35.0	36.0	37.0
B_1_17_1	1.0	57.0	407.0	1063.0	2024.0	3182.0	4475.0	6248.0	8802.0	12313.0	16804.0	23919.0	34146.0	49585.0	76428.0	116927.0	175305.0	251132.0	342075.0	451475.0	587296.0	785938.0	1152534.0	2344830.0	28199585.0	6337271.0
	11.0	12.0	13.0	14.0	15.0	16.0	17.0	18.0	19.0	20.0	21.0	22.0	23.0	24.0	25.0	26.0	27.0	28.0	29.0	30.0	31.0	32.0	33.0	34.0	35.0	36.0	37.0
B_1_17_2	28.0	1313.0	4899.0	7587.0	9277.0	11341.0	13518.0	16297.0	19332.0	22994.0	28193.0	34199.0	41314.0	50088.0	60842.0	74391.0	92323.0	117204.0	152782.0	202896.0	281604.0	401510.0	599586.0	1069051.0	3198651.0	30240776.0	4231826.0
	12.0	13.0	14.0	15.0	16.0	17.0	18.0	19.0	20.0	21.0	22.0	23.0	24.0	25.0	26.0	27.0	28.0	29.0	30.0	31.0	32.0	33.0	34.0	35.0	36.0	37.0
B_1_18_1	1.0	42.0	280.0	676.0	1376.0	2206.0	3300.0	4586.0	6675.0	9566.0	13066.0	18565.0	26052.0	36504.0	53408.0	80813.0	120448.0	176528.0	246244.0	334268.0	445080.0	605534.0	909272.0	1866365.0	22827255.0	5164288.0
	11.0	12.0	13.0	14.0	15.0	16.0	17.0	18.0	19.0	20.0	21.0	22.0	23.0	24.0	25.0	26.0	27.0	28.0	29.0	30.0	31.0	32.0	33.0	34.0	35.0	36.0	37.0
B_1_18_2	22.0	809.0	2991.0	4744.0	6308.0	8226.0	10357.0	13197.0	15917.0	19418.0	24057.0	28956.0	34433.0	41328.0	49870.0	60886.0	76049.0	96909.0	127539.0	168979.0	232844.0	331209.0	503048.0	904680.0	2832149.0	24521980.0	2835493.0
	13.0	14.0	15.0	16.0	17.0	18.0	19.0	20.0	21.0	22.0	23.0	24.0	25.0	26.0	27.0	28.0	29.0	30.0	31.0	32.0	33.0	34.0	35.0	36.0	37.0
B_1_19_1	32.0	234.0	667.0	1316.0	2370.0	3735.0	5564.0	8109.0	11322.0	16300.0	22847.0	31579.0	44355.0	64375.0	95792.0	140580.0	201981.0	278057.0	374113.0	500002.0	674239.0	993311.0	2047454.0	24710205.0	5570850.0
	11.0	12.0	13.0	14.0	15.0	16.0	17.0	18.0	19.0	20.0	21.0	22.0	23.0	24.0	25.0	26.0	27.0	28.0	29.0	30.0	31.0	32.0	33.0	34.0	35.0	36.0	37.0
B_1_19_2	19.0	740.0	3039.0	5453.0	7919.0	10435.0	13320.0	16454.0	20089.0	23991.0	29270.0	34805.0	41220.0	49471.0	60403.0	73139.0	91632.0	117733.0	153340.0	202818.0	276545.0	390017.0	587706.0	1074781.0	3499512.0	26392438.0	2623100.0
	13.0	14.0	15.0	16.0	17.0	18.0	19.0	20.0	21.0	22.0	23.0	24.0	25.0	26.0	27.0	28.0	29.0	30.0	31.0	32.0	33.0	34.0	35.0	36.0	37.0
B_1_20_1	50.0	402.0	1024.0	1880.0	2936.0	4147.0	5995.0	8430.0	11839.0	16485.0	22895.0	31816.0	45606.0	66799.0	99511.0	144197.0	205308.0	278282.0	365126.0	478272.0	643436.0	944274.0	1905648.0	22254168.0	5194261.0
	11.0	12.0	13.0	14.0	15.0	16.0	17.0	18.0	19.0	20.0	21.0	22.0	23.0	24.0	25.0	26.0	27.0	28.0	29.0	30.0	31.0	32.0	33.0	34.0	35.0	36.0	37.0
B_1_20_2	38.0	893.0	3439.0	5764.0	8211.0	10775.0	13542.0	16614.0	19863.0	23948.0	28956.0	34994.0	43025.0	52583.0	64491.0	78075.0	96433.0	122628.0	160279.0	209271.0	282785.0	396208.0	595502.0	1102818.0	3599669.0	23508577.0	2253406.0
	13.0	14.0	15.0	16.0	17.0	18.0	19.0	20.0	21.0	22.0	23.0	24.0	25.0	26.0	27.0	28.0	29.0	30.0	31.0	32.0	33.0	34.0	35.0	36.0	37.0
B_1_21_1	42.0	377.0	1036.0	1707.0	2726.0	3944.0	5373.0	7643.0	10479.0	14426.0	19837.0	27956.0	39279.0	57841.0	87250.0	128942.0	186632.0	255550.0	344278.0	463284.0	618952.0	927352.0	1953015.0	23950871.0	5072050.0
	11.0	12.0	13.0	14.0	15.0	16.0	17.0	18.0	19.0	20.0	21.0	22.0	23.0	24.0	25.0	26.0	27.0	28.0	29.0	30.0	31.0	32.0	33.0	34.0	35.0	36.0	37.0
B_1_21_2	44.0	1085.0	4065.0	6568.0	9165.0	11778.0	14562.0	17406.0	20758.0	24552.0	29818.0	37557.0	47330.0	59818.0	75306.0	93955.0	117815.0	149272.0	194849.0	253187.0	342315.0	479417.0	739831.0	1465134.0	5066918.0	23442657.0	1475680.0
	12.0	13.0	14.0	15.0	16.0	17.0	18.0	19.0	20.0	21.0	22.0	23.0	24.0	25.0	26.0	27.0	28.0	29.0	30.0	31.0	32.0	33.0	34.0	35.0	36.0	37.0
B_1_22_1	1.0	40.0	372.0	930.0	1691.0	2744.0	4009.0	5508.0	7966.0	11085.0	15379.0	21404.0	29397.0	41230.0	60469.0	90801.0	134321.0	194387.0	268336.0	359205.0	477212.0	649064.0	982400.0	2036646.0	24833442.0	5499582.0
	11.0	12.0	13.0	14.0	15.0	16.0	17.0	18.0	19.0	20.0	21.0	22.0	23.0	24.0	25.0	26.0	27.0	28.0	29.0	30.0	31.0	32.0	33.0	34.0	35.0	36.0	37.0
B_1_22_2	34.0	1029.0	3786.0	6218.0	8510.0	10726.0	13470.0	16524.0	19787.0	23545.0	29148.0	36184.0	44888.0	56479.0	70187.0	87112.0	109365.0	139929.0	180704.0	238054.0	322953.0	455564.0	691390.0	1316373.0	4355397.0	25506221.0	1984044.0
	12.0	13.0	14.0	15.0	16.0	17.0	18.0	19.0	20.0	21.0	22.0	23.0	24.0	25.0	26.0	27.0	28.0	29.0	30.0	31.0	32.0	33.0	34.0	35.0	36.0	37.0
B_1_23_1	1.0	34.0	318.0	867.0	1608.0	2473.0	3929.0	5309.0	7950.0	11064.0	15322.0	21184.0	30077.0	43603.0	64730.0	97852.0	142981.0	204381.0	276938.0	363724.0	474518.0	638755.0	953552.0	1970889.0	23489926.0	5047981.0
	11.0	12.0	13.0	14.0	15.0	16.0	17.0	18.0	19.0	20.0	21.0	22.0	23.0	24.0	25.0	26.0	27.0	28.0	29.0	30.0	31.0	32.0	33.0	34.0	35.0	36.0	37.0
B_1_23_2	29.0	856.0	3001.0	5122.0	7521.0	10006.0	12922.0	16100.0	19374.0	23630.0	29311.0	36279.0	46192.0	59556.0	73867.0	91414.0	114777.0	145157.0	186876.0	244036.0	325467.0	454732.0	687857.0	1309237.0	4330836.0	23734080.0	1901731.0
	13.0	14.0	15.0	16.0	17.0	18.0	19.0	20.0	21.0	22.0	23.0	24.0	25.0	26.0	27.0	28.0	29.0	30.0	31.0	32.0	33.0	34.0	35.0	36.0	37.0
B_1_24_1	35.0	385.0	882.0	1699.0	2623.0	3881.0	5103.0	7440.0	10154.0	13942.0	20018.0	28019.0	40468.0	60666.0	92489.0	137339.0	196632.0	268530.0	356753.0	472634.0	633136.0	942009.0	1962521.0	23369086.0	4903349.0
	11.0	12.0	13.0	14.0	15.0	16.0	17.0	18.0	19.0	20.0	21.0	22.0	23.0	24.0	25.0	26.0	27.0	28.0	29.0	30.0	31.0	32.0	33.0	34.0	35.0	36.0	37.0
B_1_24_2	24.0	733.0	3056.0	5136.0	7143.0	9555.0	11828.0	14448.0	17375.0	20381.0	25156.0	30977.0	38078.0	46782.0	57185.0	69501.0	87569.0	110161.0	144448.0	189632.0	257844.0	366109.0	544007.0	979954.0	3088925.0	24725902.0	2677884.0
	12.0	13.0	14.0	15.0	16.0	17.0	18.0	19.0	20.0	21.0	22.0	23.0	24.0	25.0	26.0	27.0	28.0	29.0	30.0	31.0	32.0	33.0	34.0	35.0	36.0	37.0
B_1_25_1	1.0	34.0	304.0	929.0	1688.0	2575.0	3922.0	5685.0	8247.0	11649.0	16612.0	24244.0	34111.0	49541.0	73167.0	111247.0	162911.0	233203.0	320684.0	426439.0	562324.0	765147.0	1152531.0	2510718.0	28145560.0	5419259.0
	11.0	12.0	13.0	14.0	15.0	16.0	17.0	18.0	19.0	20.0	21.0	22.0	23.0	24.0	25.0	26.0	27.0	28.0	29.0	30.0	31.0	32.0	33.0	34.0	35.0	36.0	37.0
B_1_25_2	34.0	1031.0	3724.0	6230.0	8630.0	11336.0	14515.0	18234.0	21820.0	26527.0	31952.0	39980.0	49173.0	61366.0	76677.0	96382.0	121158.0	156012.0	204675.0	270595.0	368214.0	522950.0	815119.0	1621091.0	5581723.0	28058433.0	1855151.0
	12.0	13.0	14.0	15.0	16.0	17.0	18.0	19.0	20.0	21.0	22.0	23.0	24.0	25.0	26.0	27.0	28.0	29.0	30.0	31.0	32.0	33.0	34.0	35.0	36.0	37.0
B_1_26_1	1.0	33.0	282.0	784.0	1523.0	2426.0	3733.0	5432.0	7815.0	11007.0	15461.0	21844.0	30375.0	43575.0	63718.0	95613.0	140821.0	200884.0	274263.0	365336.0	482973.0	653012.0	969782.0	2043902.0	24172344.0	5046427.0
	11.0	12.0	13.0	14.0	15.0	16.0	17.0	18.0	19.0	20.0	21.0	22.0	23.0	24.0	25.0	26.0	27.0	28.0	29.0	30.0	31.0	32.0	33.0	34.0	35.0	36.0	37.0
B_1_26_2	21.0	735.0	3174.0	5697.0	8397.0	11520.0	14442.0	18195.0	21893.0	25622.0	31170.0	37235.0	45631.0	55962.0	68463.0	83719.0	104160.0	132052.0	170670.0	223025.0	299488.0	420464.0	632440.0	1179298.0	3913513.0	25055016.0	2091364.0
	13.0	14.0	15.0	16.0	17.0	18.0	19.0	20.0	21.0	22.0	23.0	24.0	25.0	26.0	27.0	28.0	29.0	30.0	31.0	32.0	33.0	34.0	35.0	36.0	37.0
B_1_27_1	34.0	265.0	867.0	1651.0	2911.0	4295.0	6205.0	8873.0	12606.0	17732.0	25374.0	35797.0	52349.0	77409.0	116828.0	169906.0	239721.0	323230.0	426956.0	559676.0	753265.0	1123736.0	2339983.0	27154131.0	5724838.0
	11.0	12.0	13.0	14.0	15.0	16.0	17.0	18.0	19.0	20.0	21.0	22.0	23.0	24.0	25.0	26.0	27.0	28.0	29.0	30.0	31.0	32.0	33.0	34.0	35.0	36.0	37.0
B_1_27_2	30.0	700.0	2803.0	5163.0	7669.0	10532.0	13946.0	17821.0	21411.0	25469.0	31138.0	38075.0	46558.0	57411.0	69757.0	84149.0	103862.0	131489.0	168826.0	222321.0	300760.0	423315.0	634118.0	1154788.0	3663358.0	28753189.0	3189980.0
	12.0	13.0	14.0	15.0	16.0	17.0	18.0	19.0	20.0	21.0	22.0	23.0	24.0	25.0	26.0	27.0	28.0	29.0	30.0	31.0	32.0	33.0	34.0	35.0	36.0	37.0
B_1_28_1	1.0	63.0	397.0	1070.0	2080.0	3356.0	4895.0	6758.0	9595.0	13663.0	18496.0	25362.0	36001.0	50293.0	73899.0	111196.0	162843.0	233348.0	319830.0	428986.0	579935.0	777851.0	1175453.0	2513805.0	29938389.0	6057764.0
	11.0	12.0	13.0	14.0	15.0	16.0	17.0	18.0	19.0	20.0	21.0	22.0	23.0	24.0	25.0	26.0	27.0	28.0	29.0	30.0	31.0	32.0	33.0	34.0	35.0	36.0	37.0
B_1_28_2	43.0	1380.0	5053.0	7934.0	10980.0	13966.0	17337.0	20632.0	24580.0	28962.0	35243.0	43340.0	54007.0	67608.0	84605.0	104828.0	131320.0	166728.0	218277.0	282603.0	382672.0	536826.0	822627.0	1593804.0	5435664.0	30202328.0	2251982.0
	12.0	13.0	14.0	15.0	16.0	17.0	18.0	19.0	20.0	21.0	22.0	23.0	24.0	25.0	26.0	27.0	28.0	29.0	30.0	31.0	32.0	33.0	34.0	35.0	36.0	37.0
B_1_29_1	2.0	42.0	376.0	1014.0	1864.0	2908.0	4349.0	5945.0	8531.0	11652.0	16969.0	23553.0	32960.0	46680.0	68122.0	101486.0	150798.0	218105.0	299775.0	404543.0	538799.0	733824.0	1124022.0	2399720.0	28589058.0	5922451.0
	11.0	12.0	13.0	14.0	15.0	16.0	17.0	18.0	19.0	20.0	21.0	22.0	23.0	24.0	25.0	26.0	27.0	28.0	29.0	30.0	31.0	32.0	33.0	34.0	35.0	36.0	37.0
B_1_29_2	26.0	934.0	3928.0	6666.0	9589.0	12230.0	15404.0	18626.0	21817.0	25862.0	31414.0	37880.0	46168.0	55755.0	67765.0	82010.0	102695.0	129573.0	169290.0	223330.0	304993.0	433864.0	655081.0	1208913.0	3899899.0	30127870.0	3015966.0
	12.0	13.0	14.0	15.0	16.0	17.0	18.0	19.0	20.0	21.0	22.0	23.0	24.0	25.0	26.0	27.0	28.0	29.0	30.0	31.0	32.0	33.0	34.0	35.0	36.0	37.0
B_1_30_1	1.0	32.0	322.0	879.0	1762.0	2909.0	4377.0	6141.0	8639.0	12057.0	16757.0	23562.0	33762.0	48914.0	72336.0	108582.0	159997.0	230391.0	312408.0	416550.0	547111.0	742663.0	1115454.0	2332868.0	28553786.0	6170829.0
	11.0	12.0	13.0	14.0	15.0	16.0	17.0	18.0	19.0	20.0	21.0	22.0	23.0	24.0	25.0	26.0	27.0	28.0	29.0	30.0	31.0	32.0	33.0	34.0	35.0	36.0	37.0
B_1_30_2	32.0	1003.0	4025.0	6716.0	8901.0	11602.0	14702.0	17941.0	21681.0	26448.0	32079.0	39283.0	48539.0	59313.0	72857.0	88921.0	110043.0	139384.0	180520.0	236112.0	320243.0	449401.0	672248.0	1233437.0	3996067.0	30180389.0	2951202.0
	13.0	14.0	15.0	16.0	17.0	18.0	19.0	20.0	21.0	22.0	23.0	24.0	25.0	26.0	27.0	28.0	29.0	30.0	31.0	32.0	33.0	34.0	35.0	36.0	37.0
B_1_31_1	16.0	197.0	775.0	1696.0	2976.0	4637.0	6902.0	10084.0	14142.0	20132.0	29124.0	42152.0	62784.0	93901.0	140589.0	201180.0	281538.0	377186.0	500033.0	732339.0	1114347.0	1345139.0	2445030.0	20667318.0	4439908.0
	2.0	3.0	4.0	5.0	6.0	7.0	8.0	9.0	10.0	11.0	12.0	13.0	14.0	15.0	16.0	17.0	18.0	19.0	20.0	21.0	22.0	23.0	24.0	25.0	26.0	27.0	28.0	29.0	30.0	31.0	32.0	33.0	34.0	35.0	36.0	37.0
B_1_31_2	6.0	26.0	84.0	102.0	138.0	185.0	181.0	168.0	193.0	176.0	673.0	2511.0	5321.0	8718.0	12596.0	17552.0	22678.0	29048.0	36992.0	48130.0	62756.0	79301.0	99115.0	122553.0	152143.0	193856.0	246486.0	315896.0	403912.0	537586.0	648990.0	873528.0	1503706.0	3750339.0	21006966.0	2351514.0
	13.0	14.0	15.0	16.0	17.0	18.0	19.0	20.0	21.0	22.0	23.0	24.0	25.0	26.0	27.0	28.0	29.0	30.0	31.0	32.0	33.0	34.0	35.0	36.0	37.0
B_1_32_1	33.0	252.0	864.0	1838.0	3377.0	5429.0	8279.0	12107.0	17894.0	26289.0	38131.0	56188.0	83492.0	123673.0	180708.0	258173.0	357650.0	481297.0	636089.0	832066.0	1119200.0	1667457.0	3480893.0	32086185.0	5569496.0
	11.0	12.0	13.0	14.0	15.0	16.0	17.0	18.0	19.0	20.0	21.0	22.0	23.0	24.0	25.0	26.0	27.0	28.0	29.0	30.0	31.0	32.0	33.0	34.0	35.0	36.0	37.0
B_1_32_2	2.0	162.0	1325.0	4203.0	8227.0	12740.0	18085.0	24049.0	31644.0	42931.0	57345.0	73581.0	90417.0	111456.0	134120.0	162932.0	199251.0	248490.0	318435.0	417080.0	562119.0	795989.0	1221395.0	2294457.0	7000107.0	31606827.0	1609691.0
	13.0	14.0	15.0	16.0	17.0	18.0	19.0	20.0	21.0	22.0	23.0	24.0	25.0	26.0	27.0	28.0	29.0	30.0	31.0	32.0	33.0	34.0	35.0	36.0	37.0
B_1_33_1	23.0	242.0	842.0	1811.0	3193.0	5049.0	7349.0	10852.0	15585.0	22803.0	33206.0	49146.0	72438.0	107431.0	156830.0	224715.0	313823.0	425338.0	562727.0	737538.0	989920.0	1476956.0	3052084.0	28423647.0	5030447.0
	11.0	12.0	13.0	14.0	15.0	16.0	17.0	18.0	19.0	20.0	21.0	22.0	23.0	24.0	25.0	26.0	27.0	28.0	29.0	30.0	31.0	32.0	33.0	34.0	35.0	36.0	37.0
B_1_33_2	4.0	213.0	1606.0	4202.0	7825.0	11936.0	16504.0	22171.0	29482.0	40616.0	54906.0	71821.0	91114.0	113134.0	137456.0	165323.0	204896.0	252988.0	321497.0	415635.0	560901.0	792940.0	1210656.0	2333555.0	7161069.0	26554284.0	1147261.0
	13.0	14.0	15.0	16.0	17.0	18.0	19.0	20.0	21.0	22.0	23.0	24.0	25.0	26.0	27.0	28.0	29.0	30.0	31.0	32.0	33.0	34.0	35.0	36.0	37.0
B_1_34_1	9.0	86.0	242.0	496.0	860.0	1310.0	1908.0	2611.0	3805.0	5327.0	7547.0	10862.0	15962.0	24102.0	36505.0	54211.0	77073.0	105590.0	138872.0	182461.0	246452.0	362307.0	722251.0	6208557.0	1276346.0
	2.0	3.0	4.0	5.0	6.0	7.0	8.0	9.0	10.0	11.0	12.0	13.0	14.0	15.0	16.0	17.0	18.0	19.0	20.0	21.0	22.0	23.0	24.0	25.0	26.0	27.0	28.0	29.0	30.0	31.0	32.0	33.0	34.0	35.0	36.0	37.0
B_1_34_2	2.0	4.0	18.0	26.0	37.0	50.0	27.0	48.0	43.0	35.0	188.0	632.0	1289.0	2056.0	2921.0	3832.0	4926.0	5998.0	7695.0	9939.0	12807.0	16644.0	20740.0	25255.0	31093.0	39055.0	49487.0	63488.0	84046.0	113660.0	160872.0	236738.0	415343.0	1075711.0	6337270.0	763777.0
	12.0	13.0	14.0	15.0	16.0	17.0	18.0	19.0	20.0	21.0	22.0	23.0	24.0	25.0	26.0	27.0	28.0	29.0	30.0	31.0	32.0	33.0	34.0	35.0	36.0	37.0
B_1_35_1	1.0	26.0	154.0	578.0	1340.0	2215.0	3353.0	5096.0	7486.0	11145.0	16306.0	24084.0	36830.0	57227.0	87850.0	133012.0	191543.0	266825.0	354897.0	461317.0	596006.0	789701.0	1189549.0	2351283.0	20059984.0	4179240.0
	2.0	3.0	4.0	5.0	6.0	7.0	8.0	9.0	10.0	11.0	12.0	13.0	14.0	15.0	16.0	17.0	18.0	19.0	20.0	21.0	22.0	23.0	24.0	25.0	26.0	27.0	28.0	29.0	30.0	31.0	32.0	33.0	34.0	35.0	36.0	37.0
B_1_35_2	2.0	45.0	73.0	122.0	144.0	187.0	201.0	202.0	170.0	179.0	442.0	1550.0	2952.0	4564.0	6964.0	9644.0	12696.0	16374.0	20600.0	27301.0	35982.0	46354.0	58586.0	72072.0	88374.0	108734.0	138464.0	180232.0	240728.0	341447.0	491005.0	717364.0	1274099.0	3103038.0	20745939.0	3080218.0
	13.0	14.0	15.0	16.0	17.0	18.0	19.0	20.0	21.0	22.0	23.0	24.0	25.0	26.0	27.0	28.0	29.0	30.0	31.0	32.0	33.0	34.0	35.0	36.0	37.0
B_1_36_1	32.0	291.0	969.0	2038.0	3629.0	5795.0	8716.0	12736.0	18860.0	27698.0	41313.0	62198.0	94209.0	141384.0	208433.0	298687.0	421230.0	573188.0	765417.0	1012463.0	1374283.0	2064377.0	4386462.0	40948743.0	6674691.0
	11.0	12.0	13.0	14.0	15.0	16.0	17.0	18.0	19.0	20.0	21.0	22.0	23.0	24.0	25.0	26.0	27.0	28.0	29.0	30.0	31.0	32.0	33.0	34.0	35.0	36.0	37.0
B_1_36_2	4.0	387.0	2274.0	5736.0	9748.0	14598.0	20431.0	27389.0	36687.0	50986.0	69860.0	92693.0	120541.0	149791.0	182983.0	221783.0	274977.0	344056.0	442439.0	574729.0	781598.0	1110810.0	1727767.0	3373335.0	10550795.0	37582633.0	1378812.0
	13.0	14.0	15.0	16.0	17.0	18.0	19.0	20.0	21.0	22.0	23.0	24.0	25.0	26.0	27.0	28.0	29.0	30.0	31.0	32.0	33.0	34.0	35.0	36.0	37.0
B_1_38_1	16.0	197.0	653.0	1579.0	2865.0	4756.0	7359.0	10552.0	15499.0	22063.0	31594.0	45107.0	65243.0	94140.0	135060.0	189875.0	260539.0	349306.0	457255.0	604955.0	827157.0	1206952.0	2513570.0	22105873.0	3790180.0
	11.0	12.0	13.0	14.0	15.0	16.0	17.0	18.0	19.0	20.0	21.0	22.0	23.0	24.0	25.0	26.0	27.0	28.0	29.0	30.0	31.0	32.0	33.0	34.0	35.0	36.0	37.0
B_1_38_2	7.0	97.0	901.0	2846.0	5929.0	9589.0	14037.0	19302.0	25631.0	33942.0	43961.0	55069.0	66262.0	79870.0	95795.0	114716.0	139528.0	174126.0	221543.0	288827.0	392723.0	550647.0	827853.0	1558226.0	4697527.0	22133680.0	1189711.0
	13.0	14.0	15.0	16.0	17.0	18.0	19.0	20.0	21.0	22.0	23.0	24.0	25.0	26.0	27.0	28.0	29.0	30.0	31.0	32.0	33.0	34.0	35.0	36.0	37.0
B_1_39_1	12.0	141.0	566.0	1298.0	2468.0	4292.0	6633.0	10020.0	14665.0	21351.0	31038.0	45226.0	65477.0	95091.0	137246.0	195301.0	270078.0	362044.0	478600.0	625152.0	842164.0	1241043.0	2534598.0	22434145.0	4081695.0
	11.0	12.0	13.0	14.0	15.0	16.0	17.0	18.0	19.0	20.0	21.0	22.0	23.0	24.0	25.0	26.0	27.0	28.0	29.0	30.0	31.0	32.0	33.0	34.0	35.0	36.0	37.0
B_1_39_2	4.0	159.0	1150.0	3171.0	5629.0	9201.0	13173.0	17618.0	23981.0	31651.0	41478.0	52647.0	66272.0	80846.0	96108.0	115666.0	139748.0	173944.0	221581.0	287173.0	389584.0	558774.0	843304.0	1588976.0	4795302.0	22479181.0	1464023.0
	13.0	14.0	15.0	16.0	17.0	18.0	19.0	20.0	21.0	22.0	23.0	24.0	25.0	26.0	27.0	28.0	29.0	30.0	31.0	32.0	33.0	34.0	35.0	36.0	37.0
B_1_3_1	43.0	347.0	826.0	1597.0	2581.0	4022.0	5895.0	8417.0	12098.0	17359.0	24705.0	34514.0	49838.0	73629.0	111369.0	163809.0	235978.0	320796.0	425774.0	558008.0	751014.0	1115180.0	2282719.0	27444163.0	6252554.0
	11.0	12.0	13.0	14.0	15.0	16.0	17.0	18.0	19.0	20.0	21.0	22.0	23.0	24.0	25.0	26.0	27.0	28.0	29.0	30.0	31.0	32.0	33.0	34.0	35.0	36.0	37.0
B_1_3_2	13.0	470.0	2029.0	4037.0	6492.0	9401.0	12638.0	15959.0	19921.0	24063.0	29260.0	35251.0	42579.0	52094.0	63674.0	77869.0	96489.0	123027.0	161359.0	214017.0	292220.0	413570.0	621042.0	1123642.0	3461202.0	29499406.0	3495511.0
	13.0	14.0	15.0	16.0	17.0	18.0	19.0	20.0	21.0	22.0	23.0	24.0	25.0	26.0	27.0	28.0	29.0	30.0	31.0	32.0	33.0	34.0	35.0	36.0	37.0
B_1_40_1	17.0	243.0	777.0	1935.0	3176.0	5104.0	7615.0	10855.0	15770.0	22129.0	31247.0	44517.0	64146.0	95749.0	144205.0	214799.0	312526.0	439978.0	606438.0	838385.0	1192919.0	1867835.0	4095390.0	26082283.0	2257352.0
	11.0	12.0	13.0	14.0	15.0	16.0	17.0	18.0	19.0	20.0	21.0	22.0	23.0	24.0	25.0	26.0	27.0	28.0	29.0	30.0	31.0	32.0	33.0	34.0	35.0	36.0	37.0
B_1_40_2	11.0	519.0	2600.0	5662.0	9883.0	14796.0	19916.0	24828.0	30060.0	36390.0	44908.0	55497.0	70459.0	90640.0	116844.0	150478.0	198609.0	263746.0	357497.0	491926.0	696089.0	1002791.0	1531767.0	2806224.0	7801274.0	21872922.0	659054.0
	13.0	14.0	15.0	16.0	17.0	18.0	19.0	20.0	21.0	22.0	23.0	24.0	25.0	26.0	27.0	28.0	29.0	30.0	31.0	32.0	33.0	34.0	35.0	36.0	37.0
B_1_41_1	22.0	255.0	870.0	1998.0	3584.0	5573.0	8303.0	11975.0	16857.0	23933.0	33714.0	47800.0	70007.0	104059.0	158671.0	236767.0	344828.0	485033.0	664444.0	909158.0	1276326.0	1983990.0	4279082.0	28442918.0	2719063.0
	11.0	12.0	13.0	14.0	15.0	16.0	17.0	18.0	19.0	20.0	21.0	22.0	23.0	24.0	25.0	26.0	27.0	28.0	29.0	30.0	31.0	32.0	33.0	34.0	35.0	36.0	37.0
B_1_41_2	4.0	428.0	2260.0	5452.0	9404.0	13528.0	18915.0	23861.0	29171.0	35223.0	42473.0	51137.0	62522.0	77948.0	97674.0	126213.0	163731.0	218639.0	301983.0	420751.0	605319.0	893118.0	1372195.0	2459725.0	6855277.0	26758682.0	1183597.0
	12.0	13.0	14.0	15.0	16.0	17.0	18.0	19.0	20.0	21.0	22.0	23.0	24.0	25.0	26.0	27.0	28.0	29.0	30.0	31.0	32.0	33.0	34.0	35.0	36.0	37.0
B_1_42_1	1.0	33.0	197.0	735.0	1626.0	3016.0	4585.0	7090.0	10248.0	14828.0	21461.0	32130.0	48310.0	73847.0	113822.0	170944.0	245485.0	342101.0	454929.0	588723.0	756330.0	1005287.0	1486267.0	2884767.0	24925517.0	5329854.0
	2.0	3.0	4.0	5.0	6.0	7.0	8.0	9.0	10.0	11.0	12.0	13.0	14.0	15.0	16.0	17.0	18.0	19.0	20.0	21.0	22.0	23.0	24.0	25.0	26.0	27.0	28.0	29.0	30.0	31.0	32.0	33.0	34.0	35.0	36.0	37.0
B_1_42_2	2.0	65.0	107.0	160.0	234.0	272.0	248.0	258.0	234.0	247.0	697.0	2397.0	4718.0	7759.0	11552.0	16122.0	20523.0	25167.0	31534.0	40909.0	52437.0	67871.0	84352.0	104266.0	127480.0	158710.0	202548.0	261797.0	341585.0	460423.0	642482.0	948946.0	1644691.0	4133610.0	25544390.0	3583340.0
	13.0	14.0	15.0	16.0	17.0	18.0	19.0	20.0	21.0	22.0	23.0	24.0	25.0	26.0	27.0	28.0	29.0	30.0	31.0	32.0	33.0	34.0	35.0	36.0	37.0
B_1_4_1	36.0	284.0	802.0	1433.0	2520.0	3815.0	5767.0	8123.0	11418.0	16027.0	22615.0	31185.0	43576.0	63429.0	93931.0	139439.0	200051.0	275173.0	370092.0	488015.0	666437.0	1008840.0	2078707.0	24292390.0	5289081.0
	11.0	12.0	13.0	14.0	15.0	16.0	17.0	18.0	19.0	20.0	21.0	22.0	23.0	24.0	25.0	26.0	27.0	28.0	29.0	30.0	31.0	32.0	33.0	34.0	35.0	36.0	37.0
B_1_4_2	31.0	1283.0	4583.0	7046.0	8856.0	10964.0	13385.0	16030.0	19055.0	22800.0	27627.0	33039.0	39936.0	47282.0	57754.0	70093.0	87175.0	111427.0	146155.0	195051.0	268514.0	386563.0	591550.0	1120998.0	3483492.0	25700282.0	2642215.0
	12.0	13.0	14.0	15.0	16.0	17.0	18.0	19.0	20.0	21.0	22.0	23.0	24.0	25.0	26.0	27.0	28.0	29.0	30.0	31.0	32.0	33.0	34.0	35.0	36.0	37.0
B_1_5_1	2.0	50.0	398.0	1130.0	2213.0	3570.0	5369.0	7700.0	10876.0	15677.0	21984.0	31250.0	44420.0	64865.0	97351.0	147677.0	216276.0	305038.0	409783.0	534242.0	690287.0	920856.0	1350443.0	2752317.0	32326636.0	6991590.0
	11.0	12.0	13.0	14.0	15.0	16.0	17.0	18.0	19.0	20.0	21.0	22.0	23.0	24.0	25.0	26.0	27.0	28.0	29.0	30.0	31.0	32.0	33.0	34.0	35.0	36.0	37.0
B_1_5_2	44.0	1550.0	5659.0	8764.0	11459.0	14219.0	17535.0	21197.0	25200.0	30294.0	37112.0	45137.0	55138.0	67605.0	83263.0	102127.0	127390.0	160877.0	209524.0	276608.0	377120.0	533248.0	794472.0	1435977.0	4493351.0	34258618.0	3758512.0
	13.0	14.0	15.0	16.0	17.0	18.0	19.0	20.0	21.0	22.0	23.0	24.0	25.0	26.0	27.0	28.0	29.0	30.0	31.0	32.0	33.0	34.0	35.0	36.0	37.0
B_1_6_1	36.0	299.0	864.0	1739.0	2800.0	4355.0	6384.0	9136.0	12757.0	17825.0	25208.0	35266.0	49899.0	73181.0	111010.0	163049.0	235474.0	322981.0	430689.0	572303.0	767932.0	1145020.0	2374730.0	28293335.0	6163796.0
	11.0	12.0	13.0	14.0	15.0	16.0	17.0	18.0	19.0	20.0	21.0	22.0	23.0	24.0	25.0	26.0	27.0	28.0	29.0	30.0	31.0	32.0	33.0	34.0	35.0	36.0	37.0
B_1_6_2	35.0	1105.0	4098.0	6984.0	9713.0	12936.0	16421.0	20333.0	24099.0	29050.0	35471.0	43195.0	52991.0	67078.0	82799.0	101402.0	127564.0	161109.0	210253.0	275495.0	373192.0	524816.0	801285.0	1534265.0	5157400.0	28993447.0	2153532.0
	13.0	14.0	15.0	16.0	17.0	18.0	19.0	20.0	21.0	22.0	23.0	24.0	25.0	26.0	27.0	28.0	29.0	30.0	31.0	32.0	33.0	34.0	35.0	36.0	37.0
B_1_8_1	43.0	379.0	1134.0	1856.0	3090.0	4293.0	6014.0	8639.0	12116.0	16936.0	23753.0	33432.0	48109.0	70575.0	106453.0	156046.0	223196.0	305312.0	401717.0	528413.0	722410.0	1070917.0	2191213.0	25501414.0	5310833.0
	11.0	12.0	13.0	14.0	15.0	16.0	17.0	18.0	19.0	20.0	21.0	22.0	23.0	24.0	25.0	26.0	27.0	28.0	29.0	30.0	31.0	32.0	33.0	34.0	35.0	36.0	37.0
B_1_8_2	37.0	1812.0	6527.0	9288.0	11751.0	13857.0	16644.0	19032.0	22383.0	27051.0	32561.0	38901.0	46748.0	56628.0	68559.0	83189.0	104291.0	132166.0	173288.0	227482.0	308651.0	434446.0	663513.0	1259176.0	4199302.0	26485700.0	2305310.0
	13.0	14.0	15.0	16.0	17.0	18.0	19.0	20.0	21.0	22.0	23.0	24.0	25.0	26.0	27.0	28.0	29.0	30.0	31.0	32.0	33.0	34.0	35.0	36.0	37.0
B_1_9_1	47.0	431.0	1075.0	2067.0	3245.0	4805.0	6657.0	9388.0	13488.0	18568.0	25865.0	36918.0	52772.0	79074.0	119803.0	176054.0	251102.0	343156.0	452040.0	590258.0	789803.0	1175539.0	2426016.0	29782284.0	6588880.0
	11.0	12.0	13.0	14.0	15.0	16.0	17.0	18.0	19.0	20.0	21.0	22.0	23.0	24.0	25.0	26.0	27.0	28.0	29.0	30.0	31.0	32.0	33.0	34.0	35.0	36.0	37.0
B_1_9_2	31.0	886.0	3648.0	6471.0	9367.0	12333.0	15372.0	18936.0	22463.0	26805.0	32533.0	40076.0	49797.0	61320.0	76260.0	93185.0	116354.0	147918.0	193400.0	254751.0	345007.0	485401.0	729094.0	1327893.0	4284932.0	31409699.0	3185403.0
	13.0	14.0	15.0	16.0	17.0	18.0	19.0	20.0	21.0	22.0	23.0	24.0	25.0	26.0	27.0	28.0	29.0	30.0	31.0	32.0	33.0	34.0	35.0	36.0	37.0
B_2_10_1	15.0	251.0	788.0	1722.0	2997.0	4841.0	6732.0	9593.0	13806.0	19459.0	27245.0	39064.0	56383.0	85421.0	132745.0	201250.0	304189.0	442771.0	628811.0	896285.0	1303453.0	2096577.0	4754626.0	30655472.0	2495844.0
	11.0	12.0	13.0	14.0	15.0	16.0	17.0	18.0	19.0	20.0	21.0	22.0	23.0	24.0	25.0	26.0	27.0	28.0	29.0	30.0	31.0	32.0	33.0	34.0	35.0	36.0	37.0
B_2_10_2	5.0	344.0	2048.0	4737.0	7868.0	11059.0	14642.0	18673.0	22430.0	27306.0	33639.0	41014.0	51080.0	65352.0	84887.0	111521.0	151266.0	207694.0	294584.0	424344.0	627052.0	947983.0	1498184.0	2781237.0	7962417.0	27796032.0	992942.0
	13.0	14.0	15.0	16.0	17.0	18.0	19.0	20.0	21.0	22.0	23.0	24.0	25.0	26.0	27.0	28.0	29.0	30.0	31.0	32.0	33.0	34.0	35.0	36.0	37.0
B_2_11_1	13.0	204.0	685.0	1369.0	2424.0	3814.0	5394.0	7567.0	11085.0	15237.0	21773.0	31974.0	47379.0	72362.0	111835.0	168631.0	249634.0	354304.0	489317.0	677554.0	962507.0	1500354.0	3360840.0	22718845.0	1933117.0
	11.0	12.0	13.0	14.0	15.0	16.0	17.0	18.0	19.0	20.0	21.0	22.0	23.0	24.0	25.0	26.0	27.0	28.0	29.0	30.0	31.0	32.0	33.0	34.0	35.0	36.0	37.0
B_2_11_2	9.0	243.0	1578.0	3937.0	6640.0	9278.0	12165.0	15129.0	18012.0	22291.0	27754.0	34474.0	43841.0	56494.0	73420.0	95512.0	127746.0	172744.0	236908.0	328754.0	472885.0	694404.0	1068831.0	1919869.0	5470477.0	21003019.0	831804.0
	13.0	14.0	15.0	16.0	17.0	18.0	19.0	20.0	21.0	22.0	23.0	24.0	25.0	26.0	27.0	28.0	29.0	30.0	31.0	32.0	33.0	34.0	35.0	36.0	37.0
B_2_12_1	19.0	144.0	522.0	1272.0	2339.0	3845.0	5546.0	7936.0	11389.0	15769.0	22518.0	32136.0	46838.0	70231.0	107791.0	163233.0	246491.0	358998.0	514495.0	742842.0	1082793.0	1759129.0	4155192.0	25490967.0	1800263.0
	11.0	12.0	13.0	14.0	15.0	16.0	17.0	18.0	19.0	20.0	21.0	22.0	23.0	24.0	25.0	26.0	27.0	28.0	29.0	30.0	31.0	32.0	33.0	34.0	35.0	36.0	37.0
B_2_12_2	16.0	395.0	1829.0	4008.0	7119.0	10625.0	14999.0	19638.0	24666.0	31862.0	41581.0	56315.0	77392.0	104577.0	137910.0	182141.0	241854.0	320941.0	435314.0	591208.0	837778.0	1244209.0	1992257.0	3828480.0	9598532.0	16558313.0	278739.0
	13.0	14.0	15.0	16.0	17.0	18.0	19.0	20.0	21.0	22.0	23.0	24.0	25.0	26.0	27.0	28.0	29.0	30.0	31.0	32.0	33.0	34.0	35.0	36.0	37.0
B_2_13_1	19.0	188.0	668.0	1503.0	2506.0	3933.0	5669.0	8277.0	12193.0	16801.0	23914.0	33816.0	48798.0	73593.0	111734.0	166773.0	245857.0	344614.0	473213.0	646399.0	908853.0	1414717.0	3002385.0	20037126.0	1979455.0
	11.0	12.0	13.0	14.0	15.0	16.0	17.0	18.0	19.0	20.0	21.0	22.0	23.0	24.0	25.0	26.0	27.0	28.0	29.0	30.0	31.0	32.0	33.0	34.0	35.0	36.0	37.0
B_2_13_2	3.0	321.0	1908.0	4013.0	6276.0	8916.0	11983.0	15177.0	18614.0	22475.0	27024.0	32972.0	39165.0	48159.0	60608.0	77622.0	103230.0	139665.0	193524.0	272905.0	398647.0	590940.0	910757.0	1624048.0	4530970.0	19448942.0	974140.0
	13.0	14.0	15.0	16.0	17.0	18.0	19.0	20.0	21.0	22.0	23.0	24.0	25.0	26.0	27.0	28.0	29.0	30.0	31.0	32.0	33.0	34.0	35.0	36.0	37.0
B_2_14_1	25.0	231.0	805.0	1682.0	3049.0	4781.0	6980.0	9946.0	14438.0	20703.0	29264.0	41580.0	60837.0	91617.0	139817.0	210996.0	314754.0	451396.0	632371.0	888622.0	1277747.0	2023741.0	4494346.0	29278277.0	2523574.0
	11.0	12.0	13.0	14.0	15.0	16.0	17.0	18.0	19.0	20.0	21.0	22.0	23.0	24.0	25.0	26.0	27.0	28.0	29.0	30.0	31.0	32.0	33.0	34.0	35.0	36.0	37.0
B_2_14_2	15.0	644.0	2957.0	5437.0	8378.0	11564.0	15679.0	19949.0	24961.0	31309.0	39513.0	49423.0	62358.0	80173.0	102919.0	134467.0	177957.0	239783.0	331650.0	461133.0	667572.0	980356.0	1504224.0	2733865.0	7667496.0	26217852.0	949945.0
	13.0	14.0	15.0	16.0	17.0	18.0	19.0	20.0	21.0	22.0	23.0	24.0	25.0	26.0	27.0	28.0	29.0	30.0	31.0	32.0	33.0	34.0	35.0	36.0	37.0
B_2_15_1	16.0	163.0	528.0	1200.0	2287.0	3919.0	5665.0	8155.0	11883.0	16505.0	23825.0	33760.0	49660.0	75847.0	116848.0	177585.0	264795.0	377189.0	525125.0	731996.0	1042782.0	1654244.0	3648128.0	24831605.0	2275890.0
	11.0	12.0	13.0	14.0	15.0	16.0	17.0	18.0	19.0	20.0	21.0	22.0	23.0	24.0	25.0	26.0	27.0	28.0	29.0	30.0	31.0	32.0	33.0	34.0	35.0	36.0	37.0
B_2_15_2	5.0	292.0	1765.0	3855.0	6437.0	9163.0	12384.0	15790.0	19797.0	23882.0	29775.0	37322.0	47001.0	60581.0	78762.0	101606.0	135910.0	183284.0	255884.0	362390.0	529598.0	785735.0	1210280.0	2209703.0	6213781.0	22690009.0	854609.0
	13.0	14.0	15.0	16.0	17.0	18.0	19.0	20.0	21.0	22.0	23.0	24.0	25.0	26.0	27.0	28.0	29.0	30.0	31.0	32.0	33.0	34.0	35.0	36.0	37.0
B_2_16_1	32.0	264.0	933.0	1970.0	3339.0	4990.0	7342.0	10070.0	13951.0	19397.0	27555.0	39601.0	58364.0	89162.0	138974.0	214012.0	319532.0	458898.0	643494.0	903004.0	1273229.0	1960627.0	4236799.0	29126908.0	2686985.0
	11.0	12.0	13.0	14.0	15.0	16.0	17.0	18.0	19.0	20.0	21.0	22.0	23.0	24.0	25.0	26.0	27.0	28.0	29.0	30.0	31.0	32.0	33.0	34.0	35.0	36.0	37.0
B_2_16_2	17.0	495.0	2382.0	5038.0	8225.0	11401.0	14863.0	18870.0	22554.0	27460.0	33843.0	41998.0	53334.0	68802.0	89314.0	116856.0	155659.0	212705.0	298200.0	424088.0	620569.0	910852.0	1387847.0	2475178.0	6944275.0	27124878.0	1169729.0
	13.0	14.0	15.0	16.0	17.0	18.0	19.0	20.0	21.0	22.0	23.0	24.0	25.0	26.0	27.0	28.0	29.0	30.0	31.0	32.0	33.0	34.0	35.0	36.0	37.0
B_2_17_1	17.0	202.0	699.0	1376.0	2424.0	3691.0	5520.0	7774.0	11254.0	15844.0	23131.0	33987.0	51558.0	81486.0	130653.0	201877.0	302826.0	431491.0	594703.0	816887.0	1146813.0	1779692.0	3842252.0	26119901.0	2311915.0
	11.0	12.0	13.0	14.0	15.0	16.0	17.0	18.0	19.0	20.0	21.0	22.0	23.0	24.0	25.0	26.0	27.0	28.0	29.0	30.0	31.0	32.0	33.0	34.0	35.0	36.0	37.0
B_2_17_2	11.0	570.0	2454.0	4231.0	5942.0	7636.0	9656.0	12043.0	14881.0	19210.0	24935.0	32438.0	42403.0	56455.0	74591.0	99779.0	135181.0	185900.0	260903.0	372625.0	545523.0	806788.0	1228210.0	2205636.0	6214330.0	24497464.0	1058178.0
	12.0	13.0	14.0	15.0	16.0	17.0	18.0	19.0	20.0	21.0	22.0	23.0	24.0	25.0	26.0	27.0	28.0	29.0	30.0	31.0	32.0	33.0	34.0	35.0	36.0	37.0
B_2_18_1	1.0	19.0	196.0	677.0	1318.0	2354.0	3660.0	5212.0	7283.0	10305.0	14105.0	20977.0	29604.0	44369.0	67394.0	104862.0	161928.0	242684.0	348236.0	489268.0	684299.0	978961.0	1538577.0	3385884.0	23031627.0	2006120.0
	11.0	12.0	13.0	14.0	15.0	16.0	17.0	18.0	19.0	20.0	21.0	22.0	23.0	24.0	25.0	26.0	27.0	28.0	29.0	30.0	31.0	32.0	33.0	34.0	35.0	36.0	37.0
B_2_18_2	6.0	362.0	1901.0	4287.0	6697.0	8913.0	11322.0	13965.0	16779.0	20513.0	25588.0	32598.0	41279.0	53954.0	70712.0	93435.0	125011.0	172348.0	241188.0	342023.0	500650.0	736251.0	1133290.0	2044088.0	5755087.0	20937148.0	790525.0
	13.0	14.0	15.0	16.0	17.0	18.0	19.0	20.0	21.0	22.0	23.0	24.0	25.0	26.0	27.0	28.0	29.0	30.0	31.0	32.0	33.0	34.0	35.0	36.0	37.0
B_2_19_1	20.0	226.0	781.0	1638.0	2711.0	4401.0	6305.0	8902.0	12823.0	17980.0	25705.0	36537.0	53356.0	80809.0	122859.0	184105.0	272011.0	379147.0	520633.0	717125.0	1013891.0	1544557.0	3278053.0	21500443.0	1994634.0
	11.0	12.0	13.0	14.0	15.0	16.0	17.0	18.0	19.0	20.0	21.0	22.0	23.0	24.0	25.0	26.0	27.0	28.0	29.0	30.0	31.0	32.0	33.0	34.0	35.0	36.0	37.0
B_2_19_2	8.0	611.0	2589.0	4911.0	7347.0	9932.0	12524.0	15253.0	18537.0	23132.0	28912.0	36415.0	46887.0	61117.0	80270.0	105640.0	141511.0	191111.0	264344.0	366485.0	527576.0	773829.0	1147841.0	2036948.0	5746503.0	19392940.0	736479.0
	12.0	13.0	14.0	15.0	16.0	17.0	18.0	19.0	20.0	21.0	22.0	23.0	24.0	25.0	26.0	27.0	28.0	29.0	30.0	31.0	32.0	33.0	34.0	35.0	36.0	37.0
B_2_20_1	1.0	23.0	138.0	533.0	1260.0	2241.0	3596.0	5084.0	7036.0	10406.0	14351.0	20701.0	29516.0	43787.0	67633.0	106484.0	165003.0	251710.0	366778.0	521341.0	730013.0	1030408.0	1599176.0	3551425.0	20835483.0	1577112.0
	11.0	12.0	13.0	14.0	15.0	16.0	17.0	18.0	19.0	20.0	21.0	22.0	23.0	24.0	25.0	26.0	27.0	28.0	29.0	30.0	31.0	32.0	33.0	34.0	35.0	36.0	37.0
B_2_20_2	9.0	309.0	1680.0	3724.0	6172.0	8504.0	11133.0	14121.0	17360.0	22483.0	28344.0	38104.0	51082.0	68632.0	92664.0	123941.0	168971.0	229417.0	317295.0	440308.0	621745.0	904598.0	1418354.0	2674139.0	7182430.0	16103625.0	392095.0
	13.0	14.0	15.0	16.0	17.0	18.0	19.0	20.0	21.0	22.0	23.0	24.0	25.0	26.0	27.0	28.0	29.0	30.0	31.0	32.0	33.0	34.0	35.0	36.0	37.0
B_2_21_1	23.0	199.0	663.0	1291.0	2409.0	3632.0	5342.0	7600.0	10742.0	14847.0	21392.0	30957.0	46108.0	70340.0	108867.0	166777.0	248730.0	356118.0	495460.0	694897.0	993953.0	1549513.0	3467324.0	23112784.0	1887365.0
	11.0	12.0	13.0	14.0	15.0	16.0	17.0	18.0	19.0	20.0	21.0	22.0	23.0	24.0	25.0	26.0	27.0	28.0	29.0	30.0	31.0	32.0	33.0	34.0	35.0	36.0	37.0
B_2_21_2	10.0	402.0	1909.0	4044.0	6409.0	8948.0	11532.0	14262.0	17241.0	21190.0	26352.0	33744.0	43317.0	57029.0	74858.0	98052.0	133898.0	181494.0	254292.0	358047.0	520210.0	767016.0	1178579.0	2166954.0	6273043.0	20402077.0	642424.0
	13.0	14.0	15.0	16.0	17.0	18.0	19.0	20.0	21.0	22.0	23.0	24.0	25.0	26.0	27.0	28.0	29.0	30.0	31.0	32.0	33.0	34.0	35.0	36.0	37.0
B_2_22_1	30.0	258.0	798.0	1638.0	2823.0	4224.0	6165.0	8385.0	11984.0	16825.0	23493.0	33590.0	48703.0	72707.0	111976.0	170360.0	255767.0	370557.0	523731.0	733406.0	1051366.0	1651343.0	3598027.0	24404625.0	2214526.0
	11.0	12.0	13.0	14.0	15.0	16.0	17.0	18.0	19.0	20.0	21.0	22.0	23.0	24.0	25.0	26.0	27.0	28.0	29.0	30.0	31.0	32.0	33.0	34.0	35.0	36.0	37.0
B_2_22_2	11.0	381.0	2043.0	4514.0	6865.0	9779.0	12755.0	15765.0	18991.0	23080.0	28040.0	34885.0	43002.0	54120.0	69626.0	90940.0	120670.0	165566.0	233387.0	332429.0	492650.0	735509.0	1134216.0	2052828.0	5813397.0	22880415.0	941443.0
	13.0	14.0	15.0	16.0	17.0	18.0	19.0	20.0	21.0	22.0	23.0	24.0	25.0	26.0	27.0	28.0	29.0	30.0	31.0	32.0	33.0	34.0	35.0	36.0	37.0
B_2_23_1	23.0	223.0	705.0	1558.0	2620.0	4065.0	5788.0	8104.0	11405.0	16254.0	23231.0	33537.0	50024.0	76798.0	119634.0	181641.0	270502.0	384935.0	535948.0	745027.0	1057373.0	1653401.0	3624316.0	24886092.0	2234591.0
	11.0	12.0	13.0	14.0	15.0	16.0	17.0	18.0	19.0	20.0	21.0	22.0	23.0	24.0	25.0	26.0	27.0	28.0	29.0	30.0	31.0	32.0	33.0	34.0	35.0	36.0	37.0
B_2_23_2	9.0	331.0	1866.0	4071.0	6770.0	9526.0	12642.0	16106.0	19468.0	23547.0	28596.0	35233.0	44479.0	56567.0	73984.0	96531.0	129145.0	175525.0	245097.0	345692.0	504895.0	746713.0	1136166.0	2022506.0	5685649.0	23487082.0	1019599.0
	13.0	14.0	15.0	16.0	17.0	18.0	19.0	20.0	21.0	22.0	23.0	24.0	25.0	26.0	27.0	28.0	29.0	30.0	31.0	32.0	33.0	34.0	35.0	36.0	37.0
B_2_24_1	19.0	197.0	709.0	1517.0	2523.0	3961.0	5648.0	7884.0	11212.0	15463.0	21872.0	31324.0	45268.0	66754.0	101905.0	154541.0	231863.0	336667.0	480958.0	683963.0	1000463.0	1592407.0	3570110.0	23934750.0	1993402.0
	11.0	12.0	13.0	14.0	15.0	16.0	17.0	18.0	19.0	20.0	21.0	22.0	23.0	24.0	25.0	26.0	27.0	28.0	29.0	30.0	31.0	32.0	33.0	34.0	35.0	36.0	37.0
B_2_24_2	11.0	501.0	2492.0	4945.0	7714.0	10869.0	13775.0	16951.0	20138.0	24043.0	29582.0	36567.0	46500.0	59321.0	76361.0	100241.0	134815.0	182675.0	258222.0	368386.0	538116.0	790652.0	1244625.0	2330325.0	6800892.0	20571669.0	624992.0
	13.0	14.0	15.0	16.0	17.0	18.0	19.0	20.0	21.0	22.0	23.0	24.0	25.0	26.0	27.0	28.0	29.0	30.0	31.0	32.0	33.0	34.0	35.0	36.0	37.0
B_2_25_1	25.0	272.0	995.0	2052.0	3744.0	5902.0	8478.0	12103.0	17163.0	24020.0	34023.0	49011.0	71998.0	108272.0	163647.0	240413.0	345672.0	480552.0	651857.0	882174.0	1245429.0	1933858.0	4219296.0	27318207.0	2440790.0
	11.0	12.0	13.0	14.0	15.0	16.0	17.0	18.0	19.0	20.0	21.0	22.0	23.0	24.0	25.0	26.0	27.0	28.0	29.0	30.0	31.0	32.0	33.0	34.0	35.0	36.0	37.0
B_2_25_2	18.0	579.0	2732.0	6006.0	9798.0	14102.0	18762.0	24148.0	29135.0	35306.0	43508.0	53749.0	67518.0	85418.0	110154.0	140831.0	184793.0	243136.0	328958.0	449572.0	636351.0	947779.0	1441870.0	2575046.0	7327872.0	24597585.0	885227.0
	13.0	14.0	15.0	16.0	17.0	18.0	19.0	20.0	21.0	22.0	23.0	24.0	25.0	26.0	27.0	28.0	29.0	30.0	31.0	32.0	33.0	34.0	35.0	36.0	37.0
B_2_26_1	9.0	177.0	624.0	1266.0	2292.0	3686.0	5402.0	7703.0	11080.0	15884.0	23106.0	33550.0	49895.0	76730.0	118446.0	178674.0	263840.0	372710.0	522563.0	728996.0	986603.0	1528739.0	3365040.0	20834184.0	1730692.0
	11.0	12.0	13.0	14.0	15.0	16.0	17.0	18.0	19.0	20.0	21.0	22.0	23.0	24.0	25.0	26.0	27.0	28.0	29.0	30.0	31.0	32.0	33.0	34.0	35.0	36.0	37.0
B_2_26_2	10.0	399.0	1943.0	3811.0	6052.0	8348.0	11286.0	14233.0	17765.0	21891.0	27702.0	34807.0	45639.0	59773.0	78280.0	104189.0	140947.0	191670.0	266511.0	372779.0	537783.0	778370.0	1185501.0	2197452.0	6251446.0	17929412.0	573892.0
	13.0	14.0	15.0	16.0	17.0	18.0	19.0	20.0	21.0	22.0	23.0	24.0	25.0	26.0	27.0	28.0	29.0	30.0	31.0	32.0	33.0	34.0	35.0	36.0	37.0
B_2_27_1	15.0	187.0	660.0	1357.0	2556.0	3784.0	5481.0	7643.0	10963.0	15357.0	21627.0	30775.0	45760.0	69896.0	108158.0	164497.0	242374.0	344656.0	475130.0	661073.0	937411.0	1463753.0	3183362.0	21325635.0	1852109.0
	11.0	12.0	13.0	14.0	15.0	16.0	17.0	18.0	19.0	20.0	21.0	22.0	23.0	24.0	25.0	26.0	27.0	28.0	29.0	30.0	31.0	32.0	33.0	34.0	35.0	36.0	37.0
B_2_27_2	5.0	273.0	1530.0	3528.0	6199.0	8916.0	11980.0	15075.0	18059.0	21865.0	27492.0	33715.0	42234.0	54176.0	70544.0	92241.0	122831.0	166069.0	230568.0	323464.0	471391.0	681807.0	1019518.0	1802476.0	5028856.0	19856869.0	862538.0
	13.0	14.0	15.0	16.0	17.0	18.0	19.0	20.0	21.0	22.0	23.0	24.0	25.0	26.0	27.0	28.0	29.0	30.0	31.0	32.0	33.0	34.0	35.0	36.0	37.0
B_2_28_1	14.0	181.0	575.0	1373.0	2383.0	3776.0	5473.0	7809.0	11141.0	15313.0	21481.0	30461.0	45610.0	69628.0	108401.0	165937.0	249219.0	356110.0	497577.0	694718.0	1006213.0	1543080.0	3301850.0	22409027.0	2026421.0
	11.0	12.0	13.0	14.0	15.0	16.0	17.0	18.0	19.0	20.0	21.0	22.0	23.0	24.0	25.0	26.0	27.0	28.0	29.0	30.0	31.0	32.0	33.0	34.0	35.0	36.0	37.0
B_2_28_2	7.0	449.0	2339.0	4647.0	6941.0	9585.0	12469.0	15513.0	18971.0	23079.0	28811.0	35316.0	44127.0	56232.0	71947.0	93149.0	123105.0	166772.0	232424.0	329947.0	495328.0	728137.0	1090280.0	1976391.0	5743012.0	20511580.0	753213.0
	13.0	14.0	15.0	16.0	17.0	18.0	19.0	20.0	21.0	22.0	23.0	24.0	25.0	26.0	27.0	28.0	29.0	30.0	31.0	32.0	33.0	34.0	35.0	36.0	37.0
B_2_29_1	27.0	218.0	740.0	1554.0	2641.0	4053.0	5782.0	8300.0	11679.0	16273.0	22767.0	33185.0	47819.0	71494.0	109455.0	166198.0	249831.0	361591.0	513385.0	724228.0	1050231.0	1665641.0	3690064.0	25076433.0	2247377.0
	11.0	12.0	13.0	14.0	15.0	16.0	17.0	18.0	19.0	20.0	21.0	22.0	23.0	24.0	25.0	26.0	27.0	28.0	29.0	30.0	31.0	32.0	33.0	34.0	35.0	36.0	37.0
B_2_29_2	9.0	438.0	2271.0	4700.0	7361.0	10358.0	13715.0	16937.0	20671.0	24981.0	30600.0	37764.0	46691.0	59286.0	76592.0	99462.0	132616.0	181161.0	254998.0	359952.0	528934.0	793156.0	1230946.0	2240391.0	6398733.0	22682636.0	825607.0
	13.0	14.0	15.0	16.0	17.0	18.0	19.0	20.0	21.0	22.0	23.0	24.0	25.0	26.0	27.0	28.0	29.0	30.0	31.0	32.0	33.0	34.0	35.0	36.0	37.0
B_2_30_1	26.0	262.0	799.0	1861.0	3178.0	4669.0	6707.0	9439.0	13416.0	19095.0	26897.0	38151.0	56049.0	85154.0	131386.0	199065.0	296916.0	425143.0	593649.0	836378.0	1202093.0	1878584.0	4183657.0	27446048.0	2298478.0
	11.0	12.0	13.0	14.0	15.0	16.0	17.0	18.0	19.0	20.0	21.0	22.0	23.0	24.0	25.0	26.0	27.0	28.0	29.0	30.0	31.0	32.0	33.0	34.0	35.0	36.0	37.0
B_2_30_2	6.0	411.0	2045.0	4683.0	7697.0	10861.0	14312.0	18106.0	22192.0	27009.0	33052.0	41505.0	51966.0	66632.0	86648.0	113511.0	151841.0	207614.0	291628.0	411838.0	601448.0	887432.0	1362068.0	2479752.0	7143248.0	24846736.0	872859.0
	13.0	14.0	15.0	16.0	17.0	18.0	19.0	20.0	21.0	22.0	23.0	24.0	25.0	26.0	27.0	28.0	29.0	30.0	31.0	32.0	33.0	34.0	35.0	36.0	37.0
B_2_31_1	20.0	216.0	810.0	1721.0	3029.0	4867.0	7330.0	10337.0	14584.0	20802.0	28835.0	40983.0	59511.0	89299.0	135184.0	197748.0	285783.0	397382.0	541565.0	740085.0	1045321.0	1613541.0	3557388.0	22616960.0	1999072.0
	11.0	12.0	13.0	14.0	15.0	16.0	17.0	18.0	19.0	20.0	21.0	22.0	23.0	24.0	25.0	26.0	27.0	28.0	29.0	30.0	31.0	32.0	33.0	34.0	35.0	36.0	37.0
B_2_31_2	14.0	588.0	2661.0	5598.0	9330.0	13105.0	17502.0	22168.0	27270.0	33376.0	41213.0	51387.0	65777.0	85502.0	111676.0	144643.0	192193.0	256321.0	346712.0	469906.0	656115.0	952065.0	1464443.0	2755122.0	7663633.0	17625068.0	398985.0
	13.0	14.0	15.0	16.0	17.0	18.0	19.0	20.0	21.0	22.0	23.0	24.0	25.0	26.0	27.0	28.0	29.0	30.0	31.0	32.0	33.0	34.0	35.0	36.0	37.0
B_2_32_1	22.0	233.0	787.0	1617.0	2747.0	4124.0	6325.0	8977.0	12734.0	18413.0	27233.0	39635.0	60130.0	90755.0	136248.0	199536.0	284098.0	389737.0	524764.0	724338.0	953100.0	1424850.0	3002214.0	19777643.0	2104554.0
	11.0	12.0	13.0	14.0	15.0	16.0	17.0	18.0	19.0	20.0	21.0	22.0	23.0	24.0	25.0	26.0	27.0	28.0	29.0	30.0	31.0	32.0	33.0	34.0	35.0	36.0	37.0
B_2_32_2	13.0	414.0	2071.0	4342.0	7090.0	9989.0	13105.0	16387.0	19509.0	24025.0	29628.0	36648.0	45991.0	58014.0	75678.0	97727.0	129464.0	173834.0	237323.0	332234.0	474905.0	674322.0	1004060.0	1763248.0	4870970.0	18815682.0	878141.0
	13.0	14.0	15.0	16.0	17.0	18.0	19.0	20.0	21.0	22.0	23.0	24.0	25.0	26.0	27.0	28.0	29.0	30.0	31.0	32.0	33.0	34.0	35.0	36.0	37.0
B_2_33_1	19.0	218.0	752.0	1580.0	2794.0	4421.0	6338.0	9127.0	12894.0	18262.0	25663.0	37493.0	54848.0	82799.0	127106.0	191573.0	279253.0	392960.0	539311.0	747116.0	1061107.0	1650145.0	3663646.0	24426820.0	2137062.0
	11.0	12.0	13.0	14.0	15.0	16.0	17.0	18.0	19.0	20.0	21.0	22.0	23.0	24.0	25.0	26.0	27.0	28.0	29.0	30.0	31.0	32.0	33.0	34.0	35.0	36.0	37.0
B_2_33_2	8.0	372.0	1985.0	4755.0	8057.0	11899.0	15665.0	19687.0	23936.0	28183.0	34696.0	42421.0	53120.0	67380.0	86054.0	110059.0	144002.0	193058.0	265863.0	369920.0	523630.0	762243.0	1174905.0	2105713.0	5931030.0	22555742.0	938924.0
	12.0	13.0	14.0	15.0	16.0	17.0	18.0	19.0	20.0	21.0	22.0	23.0	24.0	25.0	26.0	27.0	28.0	29.0	30.0	31.0	32.0	33.0	34.0	35.0	36.0	37.0
B_2_34_1	1.0	14.0	195.0	676.0	1465.0	2567.0	3887.0	5432.0	7843.0	10998.0	15620.0	22155.0	31738.0	45735.0	70172.0	105820.0	160516.0	237883.0	339291.0	469716.0	655798.0	942551.0	1464420.0	3228374.0	21962284.0	1951449.0
	11.0	12.0	13.0	14.0	15.0	16.0	17.0	18.0	19.0	20.0	21.0	22.0	23.0	24.0	25.0	26.0	27.0	28.0	29.0	30.0	31.0	32.0	33.0	34.0	35.0	36.0	37.0
B_2_34_2	8.0	244.0	1472.0	3753.0	6651.0	9505.0	12887.0	16109.0	19947.0	23582.0	29237.0	36608.0	46572.0	60158.0	78295.0	103797.0	137358.0	185912.0	256297.0	356631.0	514660.0	737061.0	1130772.0	2057366.0	5875611.0	19389118.0	646989.0
	12.0	13.0	14.0	15.0	16.0	17.0	18.0	19.0	20.0	21.0	22.0	23.0	24.0	25.0	26.0	27.0	28.0	29.0	30.0	31.0	32.0	33.0	34.0	35.0	36.0	37.0
B_2_35_1	1.0	19.0	229.0	730.0	1547.0	2606.0	3926.0	5833.0	8180.0	11551.0	16194.0	23388.0	32841.0	47540.0	71231.0	108335.0	163653.0	243728.0	347946.0	488855.0	683730.0	980573.0	1542169.0	3381536.0	22539140.0	1968225.0
	11.0	12.0	13.0	14.0	15.0	16.0	17.0	18.0	19.0	20.0	21.0	22.0	23.0	24.0	25.0	26.0	27.0	28.0	29.0	30.0	31.0	32.0	33.0	34.0	35.0	36.0	37.0
B_2_35_2	10.0	409.0	2254.0	4762.0	7809.0	10797.0	14262.0	17645.0	21321.0	25699.0	31349.0	38641.0	48150.0	60657.0	78252.0	101128.0	134349.0	179974.0	249026.0	345858.0	496772.0	735760.0	1122895.0	2000408.0	5649438.0	20488757.0	807324.0
	12.0	13.0	14.0	15.0	16.0	17.0	18.0	19.0	20.0	21.0	22.0	23.0	24.0	25.0	26.0	27.0	28.0	29.0	30.0	31.0	32.0	33.0	34.0	35.0	36.0	37.0
B_2_36_1	2.0	9.0	174.0	660.0	1406.0	2324.0	3492.0	5106.0	7234.0	10062.0	14333.0	20372.0	29173.0	42488.0	63728.0	98905.0	150518.0	226329.0	328295.0	463970.0	653736.0	943364.0	1483829.0	3250466.0	23035310.0	2573294.0
	11.0	12.0	13.0	14.0	15.0	16.0	17.0	18.0	19.0	20.0	21.0	22.0	23.0	24.0	25.0	26.0	27.0	28.0	29.0	30.0	31.0	32.0	33.0	34.0	35.0	36.0	37.0
B_2_36_2	12.0	477.0	2319.0	4687.0	7107.0	9937.0	12769.0	15736.0	19037.0	23050.0	28009.0	34536.0	42143.0	52776.0	67204.0	87129.0	114491.0	155920.0	219059.0	311122.0	451510.0	670104.0	1032754.0	1886541.0	5495245.0	21692002.0	972903.0
	13.0	14.0	15.0	16.0	17.0	18.0	19.0	20.0	21.0	22.0	23.0	24.0	25.0	26.0	27.0	28.0	29.0	30.0	31.0	32.0	33.0	34.0	35.0	36.0	37.0
B_2_38_1	21.0	308.0	1057.0	2235.0	3925.0	5965.0	9166.0	12752.0	18114.0	26135.0	37039.0	52985.0	76467.0	111644.0	163035.0	235837.0	336897.0	463929.0	631634.0	861776.0	1202356.0	1795375.0	3803911.0	24204316.0	2283847.0
	11.0	12.0	13.0	14.0	15.0	16.0	17.0	18.0	19.0	20.0	21.0	22.0	23.0	24.0	25.0	26.0	27.0	28.0	29.0	30.0	31.0	32.0	33.0	34.0	35.0	36.0	37.0
B_2_38_2	7.0	292.0	2038.0	5514.0	10288.0	15553.0	20957.0	26787.0	32531.0	39134.0	47320.0	56442.0	68457.0	84868.0	105872.0	134768.0	176497.0	234134.0	317294.0	438015.0	618889.0	890584.0	1339993.0	2415305.0	6688459.0	21812492.0	758236.0
	12.0	13.0	14.0	15.0	16.0	17.0	18.0	19.0	20.0	21.0	22.0	23.0	24.0	25.0	26.0	27.0	28.0	29.0	30.0	31.0	32.0	33.0	34.0	35.0	36.0	37.0
B_2_39_1	1.0	7.0	75.0	339.0	794.0	1473.0	2480.0	4045.0	6062.0	9831.0	15380.0	23968.0	34763.0	51602.0	77712.0	118864.0	182107.0	272905.0	390206.0	543882.0	752885.0	1066154.0	1706738.0	3903513.0	23371828.0	1691600.0
	11.0	12.0	13.0	14.0	15.0	16.0	17.0	18.0	19.0	20.0	21.0	22.0	23.0	24.0	25.0	26.0	27.0	28.0	29.0	30.0	31.0	32.0	33.0	34.0	35.0	36.0	37.0
B_2_39_2	4.0	258.0	1417.0	2655.0	3854.0	5532.0	7344.0	9572.0	12239.0	15645.0	20981.0	28501.0	38466.0	52526.0	71717.0	96984.0	133613.0	187194.0	266645.0	380151.0	566675.0	841134.0	1326329.0	2605872.0	7623512.0	19439258.0	491136.0
	13.0	14.0	15.0	16.0	17.0	18.0	19.0	20.0	21.0	22.0	23.0	24.0	25.0	26.0	27.0	28.0	29.0	30.0	31.0	32.0	33.0	34.0	35.0	36.0	37.0
B_2_3_1	17.0	225.0	724.0	1453.0	2554.0	3969.0	5916.0	8559.0	12097.0	16767.0	23750.0	34009.0	50054.0	76654.0	117830.0	181506.0	268236.0	383699.0	535441.0	753564.0	1064590.0	1679414.0	3816225.0	25051296.0	2026010.0
	11.0	12.0	13.0	14.0	15.0	16.0	17.0	18.0	19.0	20.0	21.0	22.0	23.0	24.0	25.0	26.0	27.0	28.0	29.0	30.0	31.0	32.0	33.0	34.0	35.0	36.0	37.0
B_2_3_2	10.0	452.0	2398.0	5151.0	7764.0	10658.0	13841.0	17195.0	21031.0	25476.0	31389.0	39174.0	49351.0	64479.0	84271.0	110088.0	147938.0	199880.0	278638.0	388508.0	559918.0	821997.0	1270592.0	2357614.0	6918699.0	21997318.0	690729.0
	13.0	14.0	15.0	16.0	17.0	18.0	19.0	20.0	21.0	22.0	23.0	24.0	25.0	26.0	27.0	28.0	29.0	30.0	31.0	32.0	33.0	34.0	35.0	36.0	37.0
B_2_40_1	28.0	364.0	1106.0	2309.0	3788.0	5662.0	8344.0	11673.0	16356.0	23303.0	32923.0	47007.0	69475.0	103492.0	155980.0	230448.0	333814.0	462427.0	627425.0	851960.0	1188547.0	1829008.0	3880896.0	26296223.0	2707990.0
	11.0	12.0	13.0	14.0	15.0	16.0	17.0	18.0	19.0	20.0	21.0	22.0	23.0	24.0	25.0	26.0	27.0	28.0	29.0	30.0	31.0	32.0	33.0	34.0	35.0	36.0	37.0
B_2_40_2	3.0	330.0	2031.0	5139.0	9158.0	13712.0	18046.0	22630.0	26992.0	32479.0	38102.0	45381.0	53825.0	66391.0	81493.0	103057.0	134183.0	180097.0	246943.0	350047.0	514977.0	760557.0	1166810.0	2055232.0	5570176.0	25895205.0	1497552.0
	13.0	14.0	15.0	16.0	17.0	18.0	19.0	20.0	21.0	22.0	23.0	24.0	25.0	26.0	27.0	28.0	29.0	30.0	31.0	32.0	33.0	34.0	35.0	36.0	37.0
B_2_41_1	16.0	194.0	711.0	1545.0	2720.0	4352.0	6369.0	8922.0	12789.0	17596.0	24299.0	33608.0	49069.0	71368.0	107460.0	159678.0	234172.0	333496.0	466294.0	656981.0	950716.0	1504410.0	3345768.0	20290478.0	1678532.0
	11.0	12.0	13.0	14.0	15.0	16.0	17.0	18.0	19.0	20.0	21.0	22.0	23.0	24.0	25.0	26.0	27.0	28.0	29.0	30.0	31.0	32.0	33.0	34.0	35.0	36.0	37.0
B_2_41_2	2.0	237.0	1643.0	4360.0	7443.0	11131.0	14735.0	18251.0	21902.0	26034.0	30927.0	36815.0	43857.0	53795.0	67479.0	85891.0	111828.0	149405.0	206727.0	292672.0	429701.0	650804.0	989880.0	1787057.0	4936896.0	19140714.0	841357.0
	13.0	14.0	15.0	16.0	17.0	18.0	19.0	20.0	21.0	22.0	23.0	24.0	25.0	26.0	27.0	28.0	29.0	30.0	31.0	32.0	33.0	34.0	35.0	36.0	37.0
B_2_42_1	25.0	249.0	837.0	1873.0	3491.0	5457.0	7940.0	11350.0	15766.0	22490.0	31512.0	44259.0	63827.0	92724.0	137429.0	202781.0	298708.0	426250.0	593242.0	835468.0	1200023.0	1881884.0	4116602.0	27657106.0	2616194.0
	11.0	12.0	13.0	14.0	15.0	16.0	17.0	18.0	19.0	20.0	21.0	22.0	23.0	24.0	25.0	26.0	27.0	28.0	29.0	30.0	31.0	32.0	33.0	34.0	35.0	36.0	37.0
B_2_42_2	19.0	606.0	3205.0	6651.0	10290.0	14392.0	18748.0	23185.0	27906.0	33103.0	40266.0	48542.0	58220.0	70567.0	87867.0	110981.0	144244.0	192199.0	264604.0	370529.0	538000.0	799261.0	1234906.0	2225059.0	6357754.0	26329085.0	1257298.0
	13.0	14.0	15.0	16.0	17.0	18.0	19.0	20.0	21.0	22.0	23.0	24.0	25.0	26.0	27.0	28.0	29.0	30.0	31.0	32.0	33.0	34.0	35.0	36.0	37.0
B_2_4_1	14.0	192.0	710.0	1368.0	2374.0	3667.0	5234.0	7364.0	10513.0	14321.0	20088.0	27926.0	39887.0	59622.0	91570.0	141756.0	214109.0	313538.0	445350.0	629871.0	911079.0	1458224.0	3301294.0	22295900.0	1848374.0
	11.0	12.0	13.0	14.0	15.0	16.0	17.0	18.0	19.0	20.0	21.0	22.0	23.0	24.0	25.0	26.0	27.0	28.0	29.0	30.0	31.0	32.0	33.0	34.0	35.0	36.0	37.0
B_2_4_2	5.0	245.0	1475.0	3706.0	5954.0	8418.0	11042.0	13548.0	17019.0	20361.0	25134.0	30880.0	39221.0	50707.0	67014.0	89150.0	121140.0	166911.0	234624.0	333018.0	486096.0	722418.0	1128874.0	2093532.0	6003077.0	19544162.0	626614.0
	13.0	14.0	15.0	16.0	17.0	18.0	19.0	20.0	21.0	22.0	23.0	24.0	25.0	26.0	27.0	28.0	29.0	30.0	31.0	32.0	33.0	34.0	35.0	36.0	37.0
B_2_5_1	16.0	186.0	733.0	1574.0	2731.0	4524.0	6667.0	9664.0	13507.0	19476.0	27357.0	38870.0	56777.0	85354.0	131757.0	201596.0	305362.0	441449.0	620890.0	879302.0	1269340.0	1981149.0	4421974.0	29787451.0	2531820.0
	11.0	12.0	13.0	14.0	15.0	16.0	17.0	18.0	19.0	20.0	21.0	22.0	23.0	24.0	25.0	26.0	27.0	28.0	29.0	30.0	31.0	32.0	33.0	34.0	35.0	36.0	37.0
B_2_5_2	7.0	533.0	2554.0	5050.0	7794.0	11034.0	14303.0	18414.0	22676.0	27734.0	34623.0	43615.0	57036.0	75781.0	100600.0	134931.0	183114.0	253101.0	354745.0	504352.0	730594.0	1070456.0	1668113.0	3123424.0	8976412.0	24747084.0	671446.0
	13.0	14.0	15.0	16.0	17.0	18.0	19.0	20.0	21.0	22.0	23.0	24.0	25.0	26.0	27.0	28.0	29.0	30.0	31.0	32.0	33.0	34.0	35.0	36.0	37.0
B_2_6_1	19.0	258.0	817.0	1768.0	3075.0	4976.0	7077.0	9927.0	14102.0	19802.0	28088.0	40800.0	60307.0	91385.0	140425.0	211415.0	313046.0	446557.0	623080.0	876859.0	1245080.0	1942262.0	4332546.0	29021777.0	2389552.0
	11.0	12.0	13.0	14.0	15.0	16.0	17.0	18.0	19.0	20.0	21.0	22.0	23.0	24.0	25.0	26.0	27.0	28.0	29.0	30.0	31.0	32.0	33.0	34.0	35.0	36.0	37.0
B_2_6_2	25.0	795.0	3560.0	6757.0	10116.0	13802.0	17406.0	20916.0	25388.0	30637.0	38375.0	48949.0	64438.0	86276.0	115275.0	153085.0	206215.0	277357.0	382010.0	527776.0	753033.0	1091816.0	1681915.0	3143937.0	8997861.0	23516167.0	611113.0
	12.0	13.0	14.0	15.0	16.0	17.0	18.0	19.0	20.0	21.0	22.0	23.0	24.0	25.0	26.0	27.0	28.0	29.0	30.0	31.0	32.0	33.0	34.0	35.0	36.0	37.0
B_2_8_1	1.0	20.0	191.0	763.0	1635.0	2869.0	4651.0	6783.0	10047.0	14314.0	19894.0	27798.0	38738.0	56372.0	84191.0	127514.0	192809.0	288789.0	415247.0	584010.0	833076.0	1193563.0	1873297.0	4218391.0	26479126.0	2121498.0
	11.0	12.0	13.0	14.0	15.0	16.0	17.0	18.0	19.0	20.0	21.0	22.0	23.0	24.0	25.0	26.0	27.0	28.0	29.0	30.0	31.0	32.0	33.0	34.0	35.0	36.0	37.0
B_2_8_2	56.0	3000.0	14738.0	21869.0	23383.0	23746.0	25323.0	28910.0	33893.0	41081.0	50968.0	60158.0	68188.0	79789.0	98968.0	125761.0	164789.0	219840.0	303625.0	422549.0	608934.0	897724.0	1392845.0	2564803.0	7292439.0	23280461.0	747747.0
	13.0	14.0	15.0	16.0	17.0	18.0	19.0	20.0	21.0	22.0	23.0	24.0	25.0	26.0	27.0	28.0	29.0	30.0	31.0	32.0	33.0	34.0	35.0	36.0	37.0
B_2_9_1	18.0	178.0	742.0	1546.0	2772.0	4310.0	6443.0	9150.0	12808.0	17739.0	24927.0	35735.0	51973.0	79172.0	121030.0	182769.0	274176.0	392843.0	548558.0	772786.0	1109705.0	1743753.0	3934819.0	26561593.0	2271304.0
	11.0	12.0	13.0	14.0	15.0	16.0	17.0	18.0	19.0	20.0	21.0	22.0	23.0	24.0	25.0	26.0	27.0	28.0	29.0	30.0	31.0	32.0	33.0	34.0	35.0	36.0	37.0
B_2_9_2	7.0	497.0	2673.0	5332.0	8342.0	11640.0	15040.0	18525.0	22883.0	28094.0	35696.0	45674.0	59910.0	78597.0	104108.0	136191.0	181134.0	242100.0	331526.0	452472.0	643491.0	939424.0	1446358.0	2692244.0	7723006.0	22297398.0	638487.0
	13.0	14.0	15.0	16.0	17.0	18.0	19.0	20.0	21.0	22.0	23.0	24.0	25.0	26.0	27.0	28.0	29.0	30.0	31.0	32.0	33.0	34.0	35.0	36.0	37.0
B_3_10_1	19.0	236.0	677.0	1415.0	2559.0	3856.0	5457.0	7840.0	11111.0	15325.0	21850.0	31634.0	46777.0	71542.0	111508.0	170135.0	256361.0	366275.0	511817.0	714866.0	1019880.0	1604159.0	3524178.0	24074368.0	2163635.0
	11.0	12.0	13.0	14.0	15.0	16.0	17.0	18.0	19.0	20.0	21.0	22.0	23.0	24.0	25.0	26.0	27.0	28.0	29.0	30.0	31.0	32.0	33.0	34.0	35.0	36.0	37.0
B_3_10_2	8.0	323.0	1868.0	4097.0	6276.0	8426.0	10655.0	13306.0	16158.0	20163.0	25119.0	31191.0	39432.0	51087.0	66651.0	87957.0	119555.0	163668.0	231483.0	328784.0	480069.0	717766.0	1112769.0	2004259.0	5737397.0	22532748.0	926265.0
	13.0	14.0	15.0	16.0	17.0	18.0	19.0	20.0	21.0	22.0	23.0	24.0	25.0	26.0	27.0	28.0	29.0	30.0	31.0	32.0	33.0	34.0	35.0	36.0	37.0
B_3_11_1	23.0	281.0	819.0	1736.0	3260.0	5248.0	7858.0	11469.0	17622.0	25633.0	38121.0	57034.0	87083.0	130894.0	194329.0	280242.0	397781.0	543276.0	729138.0	967625.0	1309996.0	1989095.0	4242321.0	40648004.0	6807617.0
	11.0	12.0	13.0	14.0	15.0	16.0	17.0	18.0	19.0	20.0	21.0	22.0	23.0	24.0	25.0	26.0	27.0	28.0	29.0	30.0	31.0	32.0	33.0	34.0	35.0	36.0	37.0
B_3_11_2	6.0	310.0	2069.0	5017.0	8839.0	13320.0	18036.0	23645.0	32116.0	46016.0	64304.0	86258.0	112276.0	141346.0	173520.0	211437.0	262044.0	328866.0	425467.0	555825.0	751941.0	1068013.0	1659772.0	3219385.0	9983349.0	37785352.0	1517976.0
	13.0	14.0	15.0	16.0	17.0	18.0	19.0	20.0	21.0	22.0	23.0	24.0	25.0	26.0	27.0	28.0	29.0	30.0	31.0	32.0	33.0	34.0	35.0	36.0	37.0
B_3_12_1	49.0	307.0	866.0	1712.0	2792.0	4328.0	6213.0	8706.0	12547.0	17479.0	25123.0	36063.0	50882.0	73984.0	111837.0	163674.0	234742.0	321125.0	430205.0	567310.0	767327.0	1171926.0	2483047.0	27809155.0	5727001.0
	11.0	12.0	13.0	14.0	15.0	16.0	17.0	18.0	19.0	20.0	21.0	22.0	23.0	24.0	25.0	26.0	27.0	28.0	29.0	30.0	31.0	32.0	33.0	34.0	35.0	36.0	37.0
B_3_12_2	10.0	520.0	2373.0	4708.0	7270.0	10562.0	13749.0	17364.0	21156.0	25196.0	30046.0	36393.0	43352.0	51837.0	63492.0	76521.0	95791.0	121951.0	161072.0	214280.0	295709.0	432991.0	642273.0	1160911.0	3615242.0	29508489.0	3375142.0
	13.0	14.0	15.0	16.0	17.0	18.0	19.0	20.0	21.0	22.0	23.0	24.0	25.0	26.0	27.0	28.0	29.0	30.0	31.0	32.0	33.0	34.0	35.0	36.0	37.0
B_3_13_1	42.0	357.0	1003.0	1987.0	3298.0	4941.0	7436.0	10694.0	15341.0	22078.0	31154.0	43622.0	61736.0	89789.0	132668.0	194224.0	274223.0	371963.0	491530.0	642241.0	875853.0	1304441.0	2665917.0	30573431.0	6491608.0
	11.0	12.0	13.0	14.0	15.0	16.0	17.0	18.0	19.0	20.0	21.0	22.0	23.0	24.0	25.0	26.0	27.0	28.0	29.0	30.0	31.0	32.0	33.0	34.0	35.0	36.0	37.0
B_3_13_2	27.0	877.0	3476.0	6315.0	9239.0	12577.0	16382.0	20526.0	24537.0	29325.0	35726.0	43392.0	52411.0	62683.0	75535.0	91537.0	112529.0	141498.0	183923.0	241664.0	335970.0	481185.0	699753.0	1263847.0	3930476.0	32616528.0	3819639.0
	12.0	13.0	14.0	15.0	16.0	17.0	18.0	19.0	20.0	21.0	22.0	23.0	24.0	25.0	26.0	27.0	28.0	29.0	30.0	31.0	32.0	33.0	34.0	35.0	36.0	37.0
B_3_14_1	1.0	25.0	238.0	768.0	1452.0	2613.0	4142.0	6132.0	9090.0	12826.0	18191.0	26488.0	38039.0	54567.0	80342.0	121282.0	177921.0	252793.0	341743.0	452034.0	590136.0	800881.0	1196408.0	2424741.0	29479043.0	6587301.0
	11.0	12.0	13.0	14.0	15.0	16.0	17.0	18.0	19.0	20.0	21.0	22.0	23.0	24.0	25.0	26.0	27.0	28.0	29.0	30.0	31.0	32.0	33.0	34.0	35.0	36.0	37.0
B_3_14_2	10.0	594.0	2313.0	4286.0	6743.0	9507.0	12701.0	16175.0	19587.0	23860.0	29831.0	36936.0	47026.0	59193.0	73115.0	90545.0	112838.0	144162.0	189520.0	250789.0	352388.0	493316.0	716987.0	1310519.0	4082890.0	31257827.0	3335539.0
	13.0	14.0	15.0	16.0	17.0	18.0	19.0	20.0	21.0	22.0	23.0	24.0	25.0	26.0	27.0	28.0	29.0	30.0	31.0	32.0	33.0	34.0	35.0	36.0	37.0
B_3_15_1	19.0	197.0	672.0	1462.0	2681.0	4029.0	5695.0	8583.0	12193.0	17592.0	25962.0	37709.0	54941.0	82829.0	126165.0	193005.0	294321.0	436676.0	638960.0	953535.0	1582837.0	2353230.0	5230248.0	33142303.0	2006340.0
	11.0	12.0	13.0	14.0	15.0	16.0	17.0	18.0	19.0	20.0	21.0	22.0	23.0	24.0	25.0	26.0	27.0	28.0	29.0	30.0	31.0	32.0	33.0	34.0	35.0	36.0	37.0
B_3_15_2	7.0	527.0	2347.0	4326.0	6679.0	9685.0	13365.0	17784.0	23102.0	30108.0	40108.0	53557.0	71768.0	94030.0	120556.0	157457.0	209732.0	287593.0	407341.0	586061.0	961368.0	1545222.0	2028209.0	4444393.0	13704489.0	22129684.0	262686.0
	12.0	13.0	14.0	15.0	16.0	17.0	18.0	19.0	20.0	21.0	22.0	23.0	24.0	25.0	26.0	27.0	28.0	29.0	30.0	31.0	32.0	33.0	34.0	35.0	36.0	37.0
B_3_16_1	1.0	40.0	325.0	897.0	1636.0	2771.0	4184.0	6009.0	8846.0	12604.0	17775.0	25654.0	36330.0	51523.0	75942.0	114594.0	170388.0	243437.0	332500.0	440743.0	577202.0	778792.0	1164859.0	2398098.0	29054321.0	6232960.0
	11.0	12.0	13.0	14.0	15.0	16.0	17.0	18.0	19.0	20.0	21.0	22.0	23.0	24.0	25.0	26.0	27.0	28.0	29.0	30.0	31.0	32.0	33.0	34.0	35.0	36.0	37.0
B_3_16_2	17.0	690.0	2750.0	4962.0	7182.0	9591.0	12500.0	15635.0	18918.0	23412.0	28850.0	36134.0	44702.0	56006.0	69099.0	84862.0	107165.0	135893.0	179353.0	239460.0	331962.0	464410.0	689851.0	1256001.0	3932785.0	30787214.0	3213027.0
	12.0	13.0	14.0	15.0	16.0	17.0	18.0	19.0	20.0	21.0	22.0	23.0	24.0	25.0	26.0	27.0	28.0	29.0	30.0	31.0	32.0	33.0	34.0	35.0	36.0	37.0
B_3_17_1	2.0	34.0	294.0	947.0	1681.0	2809.0	4290.0	5998.0	8803.0	12606.0	17775.0	25346.0	35905.0	50263.0	72421.0	109345.0	161733.0	234967.0	322130.0	432499.0	570516.0	775917.0	1162323.0	2386577.0	28634705.0	6114961.0
	11.0	12.0	13.0	14.0	15.0	16.0	17.0	18.0	19.0	20.0	21.0	22.0	23.0	24.0	25.0	26.0	27.0	28.0	29.0	30.0	31.0	32.0	33.0	34.0	35.0	36.0	37.0
B_3_17_2	14.0	689.0	2876.0	5239.0	7513.0	9617.0	12481.0	15523.0	18802.0	23171.0	28426.0	34896.0	42859.0	52947.0	63874.0	78268.0	97600.0	124447.0	163702.0	216986.0	303350.0	435579.0	643568.0	1155403.0	3602945.0	30481223.0	3522849.0
	12.0	13.0	14.0	15.0	16.0	17.0	18.0	19.0	20.0	21.0	22.0	23.0	24.0	25.0	26.0	27.0	28.0	29.0	30.0	31.0	32.0	33.0	34.0	35.0	36.0	37.0
B_3_18_1	2.0	49.0	389.0	1022.0	2001.0	3145.0	4988.0	7081.0	10142.0	14347.0	20126.0	29206.0	41594.0	58366.0	85589.0	127229.0	185878.0	266618.0	365939.0	487222.0	643251.0	873188.0	1284156.0	2625076.0	32142234.0	7173275.0
	11.0	12.0	13.0	14.0	15.0	16.0	17.0	18.0	19.0	20.0	21.0	22.0	23.0	24.0	25.0	26.0	27.0	28.0	29.0	30.0	31.0	32.0	33.0	34.0	35.0	36.0	37.0
B_3_18_2	34.0	723.0	3165.0	5804.0	8674.0	11782.0	15201.0	19178.0	22811.0	27921.0	34513.0	42481.0	52962.0	65837.0	81057.0	98799.0	123691.0	156424.0	206167.0	273637.0	377475.0	518469.0	775182.0	1425010.0	4577327.0	33918857.0	3608932.0
	12.0	13.0	14.0	15.0	16.0	17.0	18.0	19.0	20.0	21.0	22.0	23.0	24.0	25.0	26.0	27.0	28.0	29.0	30.0	31.0	32.0	33.0	34.0	35.0	36.0	37.0
B_3_19_1	1.0	41.0	369.0	1145.0	2040.0	3397.0	5108.0	7605.0	10786.0	15220.0	21641.0	30340.0	42684.0	61291.0	88621.0	131076.0	191428.0	269281.0	361934.0	473331.0	640796.0	828981.0	1196367.0	2430379.0	27948370.0	6085830.0
	11.0	12.0	13.0	14.0	15.0	16.0	17.0	18.0	19.0	20.0	21.0	22.0	23.0	24.0	25.0	26.0	27.0	28.0	29.0	30.0	31.0	32.0	33.0	34.0	35.0	36.0	37.0
B_3_19_2	25.0	732.0	3115.0	5824.0	8961.0	12717.0	16608.0	20317.0	24338.0	29200.0	36003.0	43743.0	54286.0	66430.0	82546.0	100933.0	126750.0	160953.0	208762.0	271906.0	365676.0	506129.0	752815.0	1363882.0	4399258.0	29427589.0	2758564.0
	13.0	14.0	15.0	16.0	17.0	18.0	19.0	20.0	21.0	22.0	23.0	24.0	25.0	26.0	27.0	28.0	29.0	30.0	31.0	32.0	33.0	34.0	35.0	36.0	37.0
B_3_20_1	43.0	388.0	1262.0	2238.0	3448.0	5381.0	7779.0	11235.0	15941.0	22631.0	32189.0	44873.0	63220.0	90385.0	135822.0	199014.0	284000.0	387487.0	516262.0	679779.0	921909.0	1358894.0	2774416.0	32430688.0	7109767.0
	11.0	12.0	13.0	14.0	15.0	16.0	17.0	18.0	19.0	20.0	21.0	22.0	23.0	24.0	25.0	26.0	27.0	28.0	29.0	30.0	31.0	32.0	33.0	34.0	35.0	36.0	37.0
B_3_20_2	36.0	927.0	3473.0	6303.0	9580.0	13202.0	17060.0	21296.0	26019.0	31190.0	38371.0	47349.0	58360.0	72246.0	87887.0	108007.0	134771.0	172218.0	227302.0	299505.0	417354.0	577218.0	862869.0	1603839.0	5200452.0	34018758.0	3043459.0
	13.0	14.0	15.0	16.0	17.0	18.0	19.0	20.0	21.0	22.0	23.0	24.0	25.0	26.0	27.0	28.0	29.0	30.0	31.0	32.0	33.0	34.0	35.0	36.0	37.0
B_3_21_1	40.0	399.0	1140.0	2131.0	3286.0	4958.0	7066.0	10238.0	14909.0	20549.0	29204.0	41654.0	57442.0	82502.0	121896.0	178574.0	256342.0	351217.0	467241.0	616621.0	833495.0	1255873.0	2555175.0	30392385.0	6894961.0
	11.0	12.0	13.0	14.0	15.0	16.0	17.0	18.0	19.0	20.0	21.0	22.0	23.0	24.0	25.0	26.0	27.0	28.0	29.0	30.0	31.0	32.0	33.0	34.0	35.0	36.0	37.0
B_3_21_2	24.0	829.0	3371.0	6095.0	8808.0	11988.0	15632.0	19403.0	23174.0	28391.0	34788.0	42378.0	51253.0	62768.0	75488.0	92023.0	115810.0	146477.0	190446.0	253168.0	341459.0	480189.0	718434.0	1275194.0	3959207.0	32379889.0	3862612.0
	12.0	13.0	14.0	15.0	16.0	17.0	18.0	19.0	20.0	21.0	22.0	23.0	24.0	25.0	26.0	27.0	28.0	29.0	30.0	31.0	32.0	33.0	34.0	35.0	36.0	37.0
B_3_22_1	2.0	32.0	305.0	790.0	1600.0	2721.0	4041.0	5678.0	8308.0	12016.0	17206.0	25489.0	36306.0	50424.0	72811.0	109329.0	160968.0	231344.0	317359.0	424698.0	558738.0	755427.0	1143362.0	2378237.0	29403922.0	6432093.0
	11.0	12.0	13.0	14.0	15.0	16.0	17.0	18.0	19.0	20.0	21.0	22.0	23.0	24.0	25.0	26.0	27.0	28.0	29.0	30.0	31.0	32.0	33.0	34.0	35.0	36.0	37.0
B_3_22_2	17.0	603.0	2442.0	4311.0	6577.0	9186.0	12392.0	15668.0	19217.0	23745.0	29827.0	36963.0	47174.0	59968.0	74592.0	92329.0	117531.0	149864.0	196777.0	261809.0	363745.0	496131.0	743841.0	1381094.0	4550142.0	30816524.0	2640737.0
	12.0	13.0	14.0	15.0	16.0	17.0	18.0	19.0	20.0	21.0	22.0	23.0	24.0	25.0	26.0	27.0	28.0	29.0	30.0	31.0	32.0	33.0	34.0	35.0	36.0	37.0
B_3_23_1	2.0	50.0	306.0	938.0	1904.0	3108.0	4730.0	6921.0	9787.0	13707.0	19256.0	27876.0	39706.0	56341.0	81273.0	121677.0	178889.0	254548.0	347678.0	461717.0	613506.0	833408.0	1217900.0	2498016.0	30369260.0	6807231.0
	11.0	12.0	13.0	14.0	15.0	16.0	17.0	18.0	19.0	20.0	21.0	22.0	23.0	24.0	25.0	26.0	27.0	28.0	29.0	30.0	31.0	32.0	33.0	34.0	35.0	36.0	37.0
B_3_23_2	26.0	1006.0	3586.0	6278.0	9259.0	12315.0	16364.0	20018.0	24547.0	29973.0	37197.0	46702.0	58085.0	72217.0	89862.0	110042.0	137461.0	174340.0	225642.0	294990.0	403895.0	551548.0	817681.0	1514274.0	4930815.0	31600845.0	2780767.0
	12.0	13.0	14.0	15.0	16.0	17.0	18.0	19.0	20.0	21.0	22.0	23.0	24.0	25.0	26.0	27.0	28.0	29.0	30.0	31.0	32.0	33.0	34.0	35.0	36.0	37.0
B_3_24_1	1.0	26.0	226.0	703.0	1397.0	2434.0	3706.0	5372.0	7594.0	10970.0	15559.0	22690.0	32442.0	44966.0	64217.0	95886.0	141481.0	204519.0	283186.0	381541.0	526546.0	688153.0	1037875.0	2192005.0	26546153.0	5598528.0
	11.0	12.0	13.0	14.0	15.0	16.0	17.0	18.0	19.0	20.0	21.0	22.0	23.0	24.0	25.0	26.0	27.0	28.0	29.0	30.0	31.0	32.0	33.0	34.0	35.0	36.0	37.0
B_3_24_2	22.0	656.0	2572.0	4709.0	6857.0	9483.0	12360.0	15907.0	19480.0	23701.0	28890.0	35138.0	42885.0	52270.0	64766.0	78877.0	99336.0	125855.0	165054.0	219646.0	301226.0	430150.0	640323.0	1188360.0	3924911.0	27895732.0	2519010.0
	13.0	14.0	15.0	16.0	17.0	18.0	19.0	20.0	21.0	22.0	23.0	24.0	25.0	26.0	27.0	28.0	29.0	30.0	31.0	32.0	33.0	34.0	35.0	36.0	37.0
B_3_25_1	18.0	311.0	1032.0	1861.0	2909.0	4563.0	6680.0	9599.0	13993.0	19730.0	28447.0	39871.0	56895.0	80998.0	118797.0	171871.0	243709.0	331857.0	440205.0	574773.0	769791.0	1136046.0	2306358.0	26405146.0	5881034.0
	11.0	12.0	13.0	14.0	15.0	16.0	17.0	18.0	19.0	20.0	21.0	22.0	23.0	24.0	25.0	26.0	27.0	28.0	29.0	30.0	31.0	32.0	33.0	34.0	35.0	36.0	37.0
B_3_25_2	9.0	465.0	2273.0	4649.0	7515.0	11188.0	14909.0	18880.0	22876.0	27902.0	33033.0	38759.0	45056.0	53931.0	63514.0	75790.0	93192.0	118295.0	154556.0	203139.0	278770.0	393556.0	580184.0	1015952.0	3025317.0	28495994.0	3866790.0
	13.0	14.0	15.0	16.0	17.0	18.0	19.0	20.0	21.0	22.0	23.0	24.0	25.0	26.0	27.0	28.0	29.0	30.0	31.0	32.0	33.0	34.0	35.0	36.0	37.0
B_3_26_1	39.0	300.0	912.0	1719.0	2852.0	4281.0	6211.0	9018.0	12479.0	18011.0	25367.0	35933.0	50725.0	73830.0	110565.0	162533.0	230818.0	313868.0	414023.0	544352.0	733414.0	1079231.0	2217337.0	26653109.0	5696116.0
	11.0	12.0	13.0	14.0	15.0	16.0	17.0	18.0	19.0	20.0	21.0	22.0	23.0	24.0	25.0	26.0	27.0	28.0	29.0	30.0	31.0	32.0	33.0	34.0	35.0	36.0	37.0
B_3_26_2	30.0	879.0	3348.0	5827.0	8225.0	11287.0	14711.0	18403.0	22227.0	25780.0	31800.0	38490.0	47903.0	58276.0	71278.0	86965.0	109126.0	137036.0	177786.0	233233.0	317518.0	443724.0	651792.0	1186892.0	3831850.0	28114761.0	2747896.0
	13.0	14.0	15.0	16.0	17.0	18.0	19.0	20.0	21.0	22.0	23.0	24.0	25.0	26.0	27.0	28.0	29.0	30.0	31.0	32.0	33.0	34.0	35.0	36.0	37.0
B_3_27_1	43.0	301.0	926.0	1928.0	3152.0	4737.0	6901.0	9977.0	14098.0	19756.0	28143.0	39852.0	56725.0	84111.0	126047.0	185473.0	264093.0	359036.0	473172.0	625388.0	851378.0	1232654.0	2494022.0	29507174.0	6483713.0
	11.0	12.0	13.0	14.0	15.0	16.0	17.0	18.0	19.0	20.0	21.0	22.0	23.0	24.0	25.0	26.0	27.0	28.0	29.0	30.0	31.0	32.0	33.0	34.0	35.0	36.0	37.0
B_3_27_2	16.0	793.0	2920.0	5211.0	7962.0	11113.0	14643.0	18299.0	22352.0	27190.0	33741.0	42090.0	52360.0	64350.0	79736.0	97139.0	120957.0	153161.0	197140.0	258728.0	351545.0	505222.0	743079.0	1316892.0	4157982.0	31165148.0	3423031.0
	13.0	14.0	15.0	16.0	17.0	18.0	19.0	20.0	21.0	22.0	23.0	24.0	25.0	26.0	27.0	28.0	29.0	30.0	31.0	32.0	33.0	34.0	35.0	36.0	37.0
B_3_28_1	26.0	222.0	786.0	1547.0	2731.0	4133.0	5842.0	8373.0	11863.0	16896.0	24566.0	34459.0	48185.0	69523.0	102692.0	150842.0	216346.0	298583.0	399913.0	532436.0	729974.0	1100621.0	2296247.0	27443012.0	5912575.0
	11.0	12.0	13.0	14.0	15.0	16.0	17.0	18.0	19.0	20.0	21.0	22.0	23.0	24.0	25.0	26.0	27.0	28.0	29.0	30.0	31.0	32.0	33.0	34.0	35.0	36.0	37.0
B_3_28_2	18.0	585.0	2504.0	4880.0	7241.0	9931.0	13342.0	16610.0	20463.0	24506.0	30249.0	36659.0	44107.0	53794.0	65189.0	79418.0	98213.0	123184.0	159817.0	210465.0	286415.0	409477.0	607575.0	1079990.0	3383709.0	29230772.0	3413280.0
	12.0	13.0	14.0	15.0	16.0	17.0	18.0	19.0	20.0	21.0	22.0	23.0	24.0	25.0	26.0	27.0	28.0	29.0	30.0	31.0	32.0	33.0	34.0	35.0	36.0	37.0
B_3_29_1	1.0	48.0	399.0	1080.0	2024.0	3210.0	4710.0	6620.0	9649.0	13860.0	19650.0	27779.0	39703.0	56801.0	83206.0	125616.0	185055.0	264183.0	358003.0	473417.0	617117.0	825934.0	1225595.0	2468012.0	29259535.0	6691248.0
	11.0	12.0	13.0	14.0	15.0	16.0	17.0	18.0	19.0	20.0	21.0	22.0	23.0	24.0	25.0	26.0	27.0	28.0	29.0	30.0	31.0	32.0	33.0	34.0	35.0	36.0	37.0
B_3_29_2	20.0	929.0	3584.0	6263.0	8336.0	11234.0	14109.0	17411.0	21287.0	26084.0	31501.0	39176.0	47299.0	58650.0	71265.0	85686.0	107461.0	137454.0	178886.0	239177.0	329263.0	460774.0	695563.0	1263461.0	3883322.0	31451829.0	3572431.0
	12.0	13.0	14.0	15.0	16.0	17.0	18.0	19.0	20.0	21.0	22.0	23.0	24.0	25.0	26.0	27.0	28.0	29.0	30.0	31.0	32.0	33.0	34.0	35.0	36.0	37.0
B_3_30_1	2.0	37.0	345.0	1008.0	1813.0	3083.0	4229.0	6064.0	8643.0	12096.0	17391.0	25035.0	35012.0	49513.0	72407.0	108185.0	158629.0	227519.0	307501.0	407958.0	532900.0	721230.0	1077704.0	2206980.0	27220160.0	6038941.0
	11.0	12.0	13.0	14.0	15.0	16.0	17.0	18.0	19.0	20.0	21.0	22.0	23.0	24.0	25.0	26.0	27.0	28.0	29.0	30.0	31.0	32.0	33.0	34.0	35.0	36.0	37.0
B_3_30_2	34.0	819.0	3170.0	5834.0	8138.0	11059.0	14244.0	17632.0	21073.0	24943.0	30662.0	37685.0	46602.0	58022.0	70445.0	86072.0	107505.0	135453.0	176154.0	230485.0	316502.0	442059.0	645474.0	1175661.0	3790968.0	28842531.0	2945159.0
	13.0	14.0	15.0	16.0	17.0	18.0	19.0	20.0	21.0	22.0	23.0	24.0	25.0	26.0	27.0	28.0	29.0	30.0	31.0	32.0	33.0	34.0	35.0	36.0	37.0
B_3_31_1	42.0	422.0	1212.0	2432.0	3804.0	5739.0	8315.0	11751.0	16686.0	24033.0	34543.0	48130.0	68119.0	96707.0	141128.0	202835.0	284853.0	385390.0	508658.0	668261.0	882279.0	1277454.0	2621311.0	29486490.0	6268674.0
	11.0	12.0	13.0	14.0	15.0	16.0	17.0	18.0	19.0	20.0	21.0	22.0	23.0	24.0	25.0	26.0	27.0	28.0	29.0	30.0	31.0	32.0	33.0	34.0	35.0	36.0	37.0
B_3_31_2	23.0	644.0	2907.0	6152.0	10047.0	14099.0	19043.0	23970.0	28981.0	34594.0	41437.0	49129.0	57903.0	68097.0	81145.0	98155.0	121732.0	152332.0	197564.0	259067.0	352620.0	490145.0	728070.0	1300456.0	4092377.0	31567635.0	3250944.0
	12.0	13.0	14.0	15.0	16.0	17.0	18.0	19.0	20.0	21.0	22.0	23.0	24.0	25.0	26.0	27.0	28.0	29.0	30.0	31.0	32.0	33.0	34.0	35.0	36.0	37.0
B_3_32_1	1.0	24.0	239.0	755.0	1597.0	2862.0	4573.0	7005.0	10530.0	15562.0	23220.0	33762.0	48568.0	67877.0	96100.0	140059.0	202192.0	287420.0	394409.0	524991.0	692188.0	935461.0	1407435.0	2915523.0	33535276.0	7250272.0
	11.0	12.0	13.0	14.0	15.0	16.0	17.0	18.0	19.0	20.0	21.0	22.0	23.0	24.0	25.0	26.0	27.0	28.0	29.0	30.0	31.0	32.0	33.0	34.0	35.0	36.0	37.0
B_3_32_2	21.0	959.0	3640.0	6640.0	9923.0	13797.0	18070.0	22929.0	28035.0	33993.0	41779.0	50119.0	60483.0	72483.0	87577.0	105544.0	132858.0	167589.0	218380.0	289265.0	394285.0	552591.0	840416.0	1565943.0	5111863.0	35512108.0	3256611.0
	13.0	14.0	15.0	16.0	17.0	18.0	19.0	20.0	21.0	22.0	23.0	24.0	25.0	26.0	27.0	28.0	29.0	30.0	31.0	32.0	33.0	34.0	35.0	36.0	37.0
B_3_33_1	46.0	321.0	937.0	1876.0	2933.0	4405.0	6428.0	8959.0	12801.0	18097.0	25745.0	36213.0	51580.0	74975.0	109954.0	160620.0	227106.0	306140.0	402100.0	524414.0	708799.0	1048206.0	2147322.0	24818795.0	5149445.0
	11.0	12.0	13.0	14.0	15.0	16.0	17.0	18.0	19.0	20.0	21.0	22.0	23.0	24.0	25.0	26.0	27.0	28.0	29.0	30.0	31.0	32.0	33.0	34.0	35.0	36.0	37.0
B_3_33_2	21.0	739.0	3040.0	5584.0	8623.0	11772.0	15644.0	19350.0	23078.0	26944.0	32784.0	39498.0	47718.0	57615.0	69988.0	84632.0	103596.0	131338.0	169889.0	222953.0	304976.0	414978.0	615236.0	1112932.0	3527879.0	26017415.0	2779995.0
	13.0	14.0	15.0	16.0	17.0	18.0	19.0	20.0	21.0	22.0	23.0	24.0	25.0	26.0	27.0	28.0	29.0	30.0	31.0	32.0	33.0	34.0	35.0	36.0	37.0
B_3_34_1	36.0	277.0	921.0	1763.0	2869.0	4242.0	6122.0	8991.0	12681.0	18630.0	26459.0	38137.0	54097.0	78583.0	116290.0	170111.0	241884.0	327840.0	432852.0	566510.0	761878.0	1119823.0	2274006.0	27156221.0	6148323.0
	11.0	12.0	13.0	14.0	15.0	16.0	17.0	18.0	19.0	20.0	21.0	22.0	23.0	24.0	25.0	26.0	27.0	28.0	29.0	30.0	31.0	32.0	33.0	34.0	35.0	36.0	37.0
B_3_34_2	24.0	762.0	2970.0	5210.0	7759.0	10935.0	14302.0	17756.0	21731.0	25913.0	31944.0	39217.0	48339.0	59994.0	72586.0	88757.0	110498.0	139670.0	182435.0	240525.0	327109.0	448085.0	671868.0	1211128.0	3840973.0	28836821.0	3112235.0
	13.0	14.0	15.0	16.0	17.0	18.0	19.0	20.0	21.0	22.0	23.0	24.0	25.0	26.0	27.0	28.0	29.0	30.0	31.0	32.0	33.0	34.0	35.0	36.0	37.0
B_3_35_1	35.0	300.0	776.0	1532.0	2442.0	3804.0	5246.0	7705.0	11240.0	16260.0	23570.0	33810.0	48237.0	70285.0	105665.0	154547.0	220292.0	299661.0	396136.0	516426.0	695379.0	1031866.0	2123226.0	25724564.0	5551614.0
	11.0	12.0	13.0	14.0	15.0	16.0	17.0	18.0	19.0	20.0	21.0	22.0	23.0	24.0	25.0	26.0	27.0	28.0	29.0	30.0	31.0	32.0	33.0	34.0	35.0	36.0	37.0
B_3_35_2	24.0	640.0	2423.0	4549.0	6825.0	9740.0	13151.0	16839.0	20237.0	24642.0	30283.0	38093.0	47306.0	59140.0	73099.0	89661.0	111346.0	141306.0	182229.0	239880.0	324792.0	447620.0	661395.0	1218969.0	4020417.0	26845565.0	2414447.0
	12.0	13.0	14.0	15.0	16.0	17.0	18.0	19.0	20.0	21.0	22.0	23.0	24.0	25.0	26.0	27.0	28.0	29.0	30.0	31.0	32.0	33.0	34.0	35.0	36.0	37.0
B_3_36_1	1.0	35.0	333.0	990.0	1960.0	3040.0	4788.0	6620.0	9311.0	13676.0	19202.0	27294.0	38016.0	54012.0	78132.0	116116.0	168219.0	238685.0	323391.0	428807.0	560376.0	750991.0	1122153.0	2250013.0	26458420.0	6061275.0
	11.0	12.0	13.0	14.0	15.0	16.0	17.0	18.0	19.0	20.0	21.0	22.0	23.0	24.0	25.0	26.0	27.0	28.0	29.0	30.0	31.0	32.0	33.0	34.0	35.0	36.0	37.0
B_3_36_2	15.0	429.0	2076.0	4326.0	7452.0	10831.0	14385.0	18559.0	22880.0	27065.0	32737.0	39307.0	45946.0	54667.0	65151.0	77707.0	95033.0	119119.0	154942.0	205473.0	283427.0	400213.0	583589.0	1033133.0	3052184.0	28584348.0	3800862.0
	13.0	14.0	15.0	16.0	17.0	18.0	19.0	20.0	21.0	22.0	23.0	24.0	25.0	26.0	27.0	28.0	29.0	30.0	31.0	32.0	33.0	34.0	35.0	36.0	37.0
B_3_38_1	8.0	117.0	553.0	1298.0	2465.0	4053.0	6284.0	9149.0	13614.0	20506.0	31258.0	48346.0	74256.0	112850.0	167439.0	239127.0	329630.0	438342.0	571337.0	772563.0	1026350.0	1441944.0	2783700.0	21349677.0	3884384.0
	3.0	4.0	5.0	6.0	7.0	8.0	9.0	10.0	11.0	12.0	13.0	14.0	15.0	16.0	17.0	18.0	19.0	20.0	21.0	22.0	23.0	24.0	25.0	26.0	27.0	28.0	29.0	30.0	31.0	32.0	33.0	34.0	35.0	36.0	37.0
B_3_38_2	47.0	77.0	109.0	142.0	187.0	168.0	157.0	180.0	167.0	589.0	2062.0	4038.0	6257.0	9614.0	13114.0	17546.0	22737.0	28407.0	37981.0	49892.0	64864.0	81747.0	100797.0	124055.0	154614.0	197912.0	257582.0	340047.0	474142.0	665090.0	956867.0	1687710.0	4428073.0	21411707.0	2190572.0
	12.0	13.0	14.0	15.0	16.0	17.0	18.0	19.0	20.0	21.0	22.0	23.0	24.0	25.0	26.0	27.0	28.0	29.0	30.0	31.0	32.0	33.0	34.0	35.0	36.0	37.0
B_3_39_1	2.0	47.0	335.0	1027.0	2024.0	3476.0	5179.0	7579.0	10810.0	15432.0	21826.0	30746.0	42696.0	58883.0	84157.0	123264.0	178474.0	255758.0	348451.0	462620.0	609007.0	819403.0	1226746.0	2504673.0	29347933.0	6543689.0
	11.0	12.0	13.0	14.0	15.0	16.0	17.0	18.0	19.0	20.0	21.0	22.0	23.0	24.0	25.0	26.0	27.0	28.0	29.0	30.0	31.0	32.0	33.0	34.0	35.0	36.0	37.0
B_3_39_2	24.0	554.0	2461.0	5246.0	8864.0	13004.0	17462.0	22523.0	27256.0	32283.0	39526.0	47326.0	57327.0	69593.0	84163.0	101496.0	126173.0	160712.0	209140.0	276685.0	377738.0	524812.0	797223.0	1496255.0	4902093.0	30609115.0	2695183.0
	13.0	14.0	15.0	16.0	17.0	18.0	19.0	20.0	21.0	22.0	23.0	24.0	25.0	26.0	27.0	28.0	29.0	30.0	31.0	32.0	33.0	34.0	35.0	36.0	37.0
B_3_3_1	14.0	218.0	642.0	1357.0	2408.0	3650.0	5222.0	7639.0	11223.0	15646.0	22088.0	31298.0	45131.0	68020.0	104264.0	157475.0	236156.0	336789.0	468185.0	651498.0	924546.0	1460595.0	3250289.0	22105638.0	1999825.0
	11.0	12.0	13.0	14.0	15.0	16.0	17.0	18.0	19.0	20.0	21.0	22.0	23.0	24.0	25.0	26.0	27.0	28.0	29.0	30.0	31.0	32.0	33.0	34.0	35.0	36.0	37.0
B_3_3_2	8.0	368.0	1828.0	3879.0	6381.0	8720.0	11257.0	14080.0	17024.0	20998.0	25545.0	31424.0	39046.0	50015.0	64576.0	84887.0	115256.0	157128.0	219201.0	308019.0	445323.0	661565.0	1025261.0	1874885.0	5380532.0	20515674.0	826936.0
	13.0	14.0	15.0	16.0	17.0	18.0	19.0	20.0	21.0	22.0	23.0	24.0	25.0	26.0	27.0	28.0	29.0	30.0	31.0	32.0	33.0	34.0	35.0	36.0	37.0
B_3_40_1	37.0	285.0	973.0	1952.0	3190.0	4923.0	7053.0	10224.0	14779.0	21052.0	29575.0	41439.0	58283.0	83234.0	122493.0	178018.0	254864.0	349009.0	464482.0	613595.0	831334.0	1231126.0	2506230.0	29252739.0	6510923.0
	11.0	12.0	13.0	14.0	15.0	16.0	17.0	18.0	19.0	20.0	21.0	22.0	23.0	24.0	25.0	26.0	27.0	28.0	29.0	30.0	31.0	32.0	33.0	34.0	35.0	36.0	37.0
B_3_40_2	18.0	536.0	2331.0	5039.0	8156.0	11995.0	16314.0	20877.0	25507.0	30854.0	37124.0	44596.0	54063.0	65324.0	78864.0	95119.0	118337.0	150392.0	195213.0	256657.0	347618.0	490024.0	735758.0	1349997.0	4398825.0	31006670.0	3045604.0
	13.0	14.0	15.0	16.0	17.0	18.0	19.0	20.0	21.0	22.0	23.0	24.0	25.0	26.0	27.0	28.0	29.0	30.0	31.0	32.0	33.0	34.0	35.0	36.0	37.0
B_3_41_1	18.0	154.0	564.0	1291.0	2369.0	3868.0	5930.0	8742.0	12876.0	18966.0	27765.0	39788.0	56154.0	81764.0	121192.0	177574.0	253276.0	345132.0	457192.0	603428.0	825182.0	1263602.0	2569807.0	29134384.0	6316730.0
	11.0	12.0	13.0	14.0	15.0	16.0	17.0	18.0	19.0	20.0	21.0	22.0	23.0	24.0	25.0	26.0	27.0	28.0	29.0	30.0	31.0	32.0	33.0	34.0	35.0	36.0	37.0
B_3_41_2	20.0	548.0	2266.0	4338.0	6815.0	9876.0	13976.0	18711.0	23304.0	28587.0	35450.0	44831.0	56033.0	69203.0	86103.0	104776.0	131206.0	166677.0	216677.0	286226.0	399194.0	574782.0	822005.0	1543963.0	5006898.0	30197434.0	2477849.0
	13.0	14.0	15.0	16.0	17.0	18.0	19.0	20.0	21.0	22.0	23.0	24.0	25.0	26.0	27.0	28.0	29.0	30.0	31.0	32.0	33.0	34.0	35.0	36.0	37.0
B_3_42_1	38.0	406.0	1148.0	2347.0	3818.0	5726.0	8264.0	11700.0	16989.0	24291.0	34041.0	47766.0	66611.0	95476.0	140803.0	204751.0	293289.0	403338.0	538895.0	714860.0	965112.0	1470229.0	3061465.0	34725772.0	7594887.0
	11.0	12.0	13.0	14.0	15.0	16.0	17.0	18.0	19.0	20.0	21.0	22.0	23.0	24.0	25.0	26.0	27.0	28.0	29.0	30.0	31.0	32.0	33.0	34.0	35.0	36.0	37.0
B_3_42_2	24.0	584.0	2509.0	5368.0	8988.0	12913.0	18083.0	23281.0	28021.0	33857.0	41491.0	49911.0	59501.0	71999.0	86886.0	105228.0	129623.0	163594.0	213062.0	281843.0	386660.0	548202.0	834463.0	1526792.0	4952222.0	37093894.0	3753023.0
	13.0	14.0	15.0	16.0	17.0	18.0	19.0	20.0	21.0	22.0	23.0	24.0	25.0	26.0	27.0	28.0	29.0	30.0	31.0	32.0	33.0	34.0	35.0	36.0	37.0
B_3_4_1	22.0	240.0	774.0	1568.0	2572.0	4055.0	5902.0	8451.0	12287.0	17167.0	24369.0	35684.0	52401.0	79282.0	123325.0	188194.0	280049.0	400173.0	558143.0	781042.0	1113411.0	1719654.0	3795025.0	25187935.0	2151246.0
	11.0	12.0	13.0	14.0	15.0	16.0	17.0	18.0	19.0	20.0	21.0	22.0	23.0	24.0	25.0	26.0	27.0	28.0	29.0	30.0	31.0	32.0	33.0	34.0	35.0	36.0	37.0
B_3_4_2	7.0	533.0	2403.0	4663.0	7116.0	9754.0	12695.0	15828.0	19205.0	23655.0	28760.0	35698.0	45559.0	59805.0	79303.0	105831.0	143408.0	198191.0	279213.0	395471.0	574404.0	836965.0	1288446.0	2342942.0	6752782.0	22521184.0	759150.0
	13.0	14.0	15.0	16.0	17.0	18.0	19.0	20.0	21.0	22.0	23.0	24.0	25.0	26.0	27.0	28.0	29.0	30.0	31.0	32.0	33.0	34.0	35.0	36.0	37.0
B_3_5_1	19.0	211.0	704.0	1533.0	2617.0	4121.0	5943.0	8430.0	12064.0	17385.0	24853.0	35566.0	52865.0	80342.0	123654.0	188113.0	279884.0	397366.0	548422.0	754369.0	1066846.0	1652303.0	3608492.0	24244638.0	2155344.0
	11.0	12.0	13.0	14.0	15.0	16.0	17.0	18.0	19.0	20.0	21.0	22.0	23.0	24.0	25.0	26.0	27.0	28.0	29.0	30.0	31.0	32.0	33.0	34.0	35.0	36.0	37.0
B_3_5_2	14.0	425.0	2399.0	4947.0	7221.0	9813.0	12463.0	15524.0	18503.0	22289.0	27189.0	32829.0	40096.0	50813.0	65109.0	85596.0	114958.0	157412.0	221351.0	316299.0	466557.0	696895.0	1067685.0	1902785.0	5324734.0	23448497.0	1153681.0
	13.0	14.0	15.0	16.0	17.0	18.0	19.0	20.0	21.0	22.0	23.0	24.0	25.0	26.0	27.0	28.0	29.0	30.0	31.0	32.0	33.0	34.0	35.0	36.0	37.0
B_3_6_1	27.0	310.0	990.0	2064.0	3365.0	5352.0	7610.0	10858.0	15137.0	21605.0	31205.0	45510.0	68298.0	103803.0	161168.0	242407.0	355397.0	499066.0	681996.0	932149.0	1305468.0	2025309.0	4394533.0	29312204.0	2660338.0
	11.0	12.0	13.0	14.0	15.0	16.0	17.0	18.0	19.0	20.0	21.0	22.0	23.0	24.0	25.0	26.0	27.0	28.0	29.0	30.0	31.0	32.0	33.0	34.0	35.0	36.0	37.0
B_3_6_2	15.0	742.0	3491.0	6467.0	9746.0	13398.0	16734.0	20556.0	24497.0	30248.0	36803.0	46476.0	58805.0	76139.0	99444.0	128814.0	172908.0	232766.0	322227.0	452038.0	650696.0	956848.0	1453059.0	2600803.0	7411471.0	26976298.0	1084680.0
	13.0	14.0	15.0	16.0	17.0	18.0	19.0	20.0	21.0	22.0	23.0	24.0	25.0	26.0	27.0	28.0	29.0	30.0	31.0	32.0	33.0	34.0	35.0	36.0	37.0
B_3_8_1	22.0	224.0	790.0	1582.0	2776.0	4276.0	6392.0	9157.0	13136.0	19112.0	26829.0	38647.0	57403.0	88030.0	136022.0	204709.0	303718.0	432571.0	599454.0	829175.0	1181951.0	1856125.0	4055802.0	27709730.0	2546274.0
	11.0	12.0	13.0	14.0	15.0	16.0	17.0	18.0	19.0	20.0	21.0	22.0	23.0	24.0	25.0	26.0	27.0	28.0	29.0	30.0	31.0	32.0	33.0	34.0	35.0	36.0	37.0
B_3_8_2	18.0	644.0	2997.0	5693.0	8432.0	11221.0	14530.0	17916.0	21976.0	27325.0	34777.0	44777.0	58437.0	77969.0	103570.0	136886.0	182813.0	248082.0	341964.0	476483.0	680887.0	988792.0	1509983.0	2770200.0	7909662.0	23709315.0	738558.0
	13.0	14.0	15.0	16.0	17.0	18.0	19.0	20.0	21.0	22.0	23.0	24.0	25.0	26.0	27.0	28.0	29.0	30.0	31.0	32.0	33.0	34.0	35.0	36.0	37.0
B_3_9_1	18.0	194.0	635.0	1501.0	2474.0	3930.0	5591.0	7895.0	11483.0	16424.0	23459.0	33924.0	50341.0	77650.0	120347.0	181622.0	270165.0	385868.0	537648.0	769838.0	1073671.0	1676949.0	3795253.0	25234608.0	2081624.0
	11.0	12.0	13.0	14.0	15.0	16.0	17.0	18.0	19.0	20.0	21.0	22.0	23.0	24.0	25.0	26.0	27.0	28.0	29.0	30.0	31.0	32.0	33.0	34.0	35.0	36.0	37.0
B_3_9_2	7.0	303.0	1643.0	3758.0	6137.0	8875.0	11883.0	15080.0	18328.0	22722.0	28205.0	35388.0	45296.0	59073.0	77992.0	103393.0	139498.0	190327.0	265437.0	372217.0	537270.0	795799.0	1229224.0	2242507.0	6472038.0	22864005.0	816707.0
	10.0	11.0	12.0	13.0	14.0	15.0	16.0	17.0	18.0	19.0	20.0	21.0	22.0	23.0	24.0	25.0	26.0	27.0	28.0	29.0	30.0	31.0	32.0	33.0	34.0	35.0	36.0	37.0
re_B_1_34_1	2.0	8.0	17.0	81.0	251.0	683.0	1380.0	2328.0	3659.0	5580.0	8111.0	11661.0	16757.0	24570.0	35995.0	54208.0	81707.0	119745.0	170629.0	234687.0	307825.0	399858.0	563960.0	805200.0	1038576.0	2219287.0	17710452.0	2305848.0
	11.0	12.0	13.0	14.0	15.0	16.0	17.0	18.0	19.0	20.0	21.0	22.0	23.0	24.0	25.0	26.0	27.0	28.0	29.0	30.0	31.0	32.0	33.0	34.0	35.0	36.0	37.0
re_B_1_34_2	9.0	472.0	2128.0	3922.0	5948.0	8110.0	10213.0	12619.0	14896.0	18774.0	24339.0	32893.0	43895.0	57602.0	72937.0	87730.0	107153.0	133737.0	171997.0	222047.0	296193.0	413983.0	647757.0	1296292.0	4236010.0	17314727.0	886682.0

