Sample	total_reads	pseudoaligned_reads	not_pseudoaligned_reads	percent_aligned	fragment_length
BR_1_13_1	28364218.0	24925453.0	3438765.0	87.87639765002511	254.15
BR_1_19_1	33556129.0	28823370.0	4732759.0	85.89599235358763	250.733
BR_1_25_1	34019915.0	29286187.0	4733728.0	86.08542084834721	253.49
BR_1_31_1	30094195.0	25559078.0	4535117.0	84.93025980591938	258.539
BR_1_35_1	31057785.0	27401193.0	3656592.0	88.22648814137905	262.282
BR_1_8_1	31734440.0	28227077.0	3507363.0	88.9477709390807	277.202
BR_2_13_1	40050763.0	34454635.0	5596128.0	86.02741226178388	246.243
BR_2_19_1	34298070.0	29798254.0	4499816.0	86.88026469127855	265.863
BR_2_25_1	32986343.0	28512854.0	4473489.0	86.4383602632156	266.456
BR_2_8_1	38299562.0	33523661.0	4775901.0	87.53014198961336	245.315
BR_3_13_1	34774680.0	30185727.0	4588953.0	86.80375204027759	237.213
BR_3_19_1	33884446.0	29392684.0	4491762.0	86.74388242912397	245.135
BR_3_25_1	31213860.0	26541535.0	4672325.0	85.0312489387727	239.489
BR_3_31_1	29389106.0	24578418.0	4810688.0	83.63105022657035	242.617
BR_3_35_1	33361074.0	29265399.0	4095675.0	87.72319200514947	245.113
BR_3_8_1	31575340.0	27776861.0	3798479.0	87.97010895211262	248.759
B_1_10_1	32403581.0	28955046.0	3448535.0	89.35754971032368	200.941
B_1_11_1	42726701.0	38194440.0	4532261.0	89.39243870009996	252.286
B_1_12_1	37347187.0	33599082.0	3748105.0	89.96415713986705	256.177
B_1_13_1	30041627.0	23997667.0	6043960.0	79.88138258956481	271.643
B_1_14_1	44106621.0	38864839.0	5241782.0	88.11565728419775	232.132
B_1_15_1	48429649.0	43310993.0	5118656.0	89.43073900865976	232.533
B_1_16_1	39946137.0	35910057.0	4036080.0	89.89619446806584	256.428
B_1_17_1	40038325.0	36010986.0	4027339.0	89.94129000151729	211.344
B_1_18_1	32234695.0	28857673.0	3377022.0	89.5236421501739	226.052
B_1_19_1	34944219.0	30602583.0	4341636.0	87.57552429487693	250.558
B_1_20_1	31856928.0	28009710.0	3847218.0	87.92344949268178	211.591
B_1_21_1	33205462.0	29554386.0	3651076.0	89.00459207584584	262.531
B_1_22_1	34793591.0	31160578.0	3633013.0	89.55838447373829	254.841
B_1_23_1	32915084.0	29360501.0	3554583.0	89.20074759645152	244.389
B_1_24_1	32715887.0	29124883.0	3591004.0	89.02366914276236	236.533
B_1_25_1	39009864.0	25419039.0	13590825.0	65.16054247202707	282.113
B_1_26_1	33735767.0	29689260.0	4046507.0	88.0052912388208	264.2
B_1_27_1	38202648.0	33742192.0	4460456.0	88.32422297009359	241.557
B_1_28_1	41418314.0	33916457.0	7501857.0	81.88758480125483	271.337
B_1_29_1	39759264.0	34864245.0	4895019.0	87.68835610236648	270.599
B_1_30_1	39925795.0	35760526.0	4165269.0	89.56747385994443	262.732
B_1_31_1	31172932.0	25722161.0	5450771.0	82.514410258233	221.913
B_1_32_1	45241795.0	38882941.0	6358854.0	85.94473539345643	242.897
B_1_33_1	39974690.0	34486799.0	5487891.0	86.27158584594402	211.143
B_1_34_1	9166904.0	7952759.0	1214145.0	86.7551247400431	175.933
B_1_35_1	29845458.0	25843314.0	4002144.0	86.59044200293391	183.43
B_1_36_1	56792368.0	50091302.0	6701066.0	88.20076317296719	243.039
B_1_38_1	31481044.0	26453215.0	5027829.0	84.02902711866862	220.774
B_1_39_1	32224835.0	27348013.0	4876822.0	84.86626230979925	197.892
B_1_3_1	38983776.0	34578915.0	4404861.0	88.70078414158752	239.511
B_1_40_1	36861101.0	31690519.0	5170582.0	85.97279554943299	252.006
B_1_41_1	40462361.0	34832312.0	5630049.0	86.08571309024701	215.169
B_1_42_1	37180005.0	31997144.0	5182861.0	86.06008525281264	191.107
B_1_4_1	34276051.0	30373472.0	3902579.0	88.61426889579549	224.572
B_1_5_1	45733696.0	40875984.0	4857712.0	89.37826498868581	214.804
B_1_6_1	39708430.0	35428083.0	4280347.0	89.22055845572339	247.662
B_1_8_1	35742416.0	30854629.0	4887787.0	86.32496751198912	240.774
B_1_9_1	41878135.0	37580749.0	4297386.0	89.73835391666796	247.523
B_2_10_1	42878721.0	38141777.0	4736944.0	88.95269287533087	257.353
B_2_11_1	31691046.0	28402043.0	3289003.0	89.62166474404158	256.031
B_2_12_1	35008640.0	31352812.0	3655828.0	89.55735498436958	311.347
B_2_13_1	28641369.0	24477569.0	4163800.0	85.46228708550908	197.316
B_2_14_1	41107215.0	36127404.0	4979811.0	87.88579815003278	265.224
B_2_15_1	34751726.0	30831973.0	3919753.0	88.72069548430487	250.309
B_2_16_1	40927389.0	36365088.0	4562301.0	88.85269470769317	217.884
B_2_17_1	36765276.0	32977064.0	3788212.0	89.69622314272848	200.204
B_2_18_1	32139056.0	28768530.0	3370526.0	89.51267890382344	246.198
B_2_19_1	30637972.0	26445676.0	4192296.0	86.31666612920725	199.9
B_2_20_1	29643845.0	26307840.0	3336005.0	88.74638225911652	251.468
B_2_21_1	32200117.0	28784483.0	3415634.0	89.39247953664268	248.717
B_2_22_1	34287293.0	30248982.0	4038311.0	88.22213523826451	219.788
B_2_23_1	34823779.0	30990315.0	3833464.0	88.9918207900412	235.978
B_2_24_1	33205183.0	29745265.0	3459918.0	89.58018692443285	265.077
B_2_25_1	38807743.0	32869829.0	5937914.0	84.6991514038835	242.72
B_2_26_1	29723196.0	25779930.0	3943266.0	86.7333714718969	199.326
B_2_27_1	29963975.0	26336017.0	3627958.0	87.89226729764658	237.795
B_2_28_1	31511652.0	27537051.0	3974601.0	87.38688469903133	218.437
B_2_29_1	34982066.0	30970685.0	4011381.0	88.53303575609284	248.257
B_2_30_1	38481878.0	33842227.0	4639651.0	87.9432833293635	232.146
B_2_31_1	31988361.0	26930648.0	5057713.0	84.18889608004612	251.039
B_2_32_1	28722646.0	23938472.0	4784174.0	83.34354710913472	202.989
B_2_33_1	34275272.0	29872258.0	4403014.0	87.15396335877364	253.143
B_2_34_1	30664525.0	26880792.0	3783733.0	87.66087849069895	230.279
B_2_35_1	31598370.0	27635401.0	3962969.0	87.45831193191295	230.673
B_2_36_1	32410474.0	28398768.0	4011706.0	87.62219275163949	231.802
B_2_38_1	35012822.0	28072673.0	6940149.0	80.17826440839302	242.19
B_2_39_1	33146548.0	28855497.0	4291051.0	87.05430502144597	201.158
B_2_3_1	34891038.0	29635687.0	5255351.0	84.93781984932635	259.441
B_2_40_1	37674152.0	32035231.0	5638921.0	85.03238772302029	200.35
B_2_41_1	28981566.0	24767413.0	4214153.0	85.4591949931208	251.503
B_2_42_1	39063803.0	33677702.0	5386101.0	86.2120413621787	212.337
B_2_4_1	30871701.0	27579107.0	3292594.0	89.33458833382714	248.074
B_2_5_1	41387370.0	36886118.0	4501252.0	89.12409268817999	253.754
B_2_6_1	40252272.0	35859052.0	4393220.0	89.08578377886346	253.183
B_2_8_1	37101013.0	32832912.0	4268101.0	88.49599874806653	255.249
B_2_9_1	36812535.0	32735234.0	4077301.0	88.92415042865154	260.682
B_3_10_1	33701704.0	30346482.0	3355222.0	90.04435502727102	223.834
B_3_11_1	56232686.0	50188809.0	6043877.0	89.25202150222738	258.659
B_3_12_1	39108154.0	34699477.0	4408677.0	88.72696215730357	226.275
B_3_13_1	43228163.0	37739286.0	5488877.0	87.30254394571429	236.199
B_3_14_1	41656055.0	37270851.0	4385204.0	89.47282934017635	246.409
B_3_15_1	45561466.0	40341313.0	5220153.0	88.5426140589945	265.257
B_3_16_1	40763224.0	36600151.0	4163073.0	89.78718415403061	236.54
B_3_17_1	40220365.0	36298852.0	3921513.0	90.24993184422866	232.945
B_3_18_1	45334836.0	40653307.0	4681529.0	89.67344008920645	242.244
B_3_19_1	39721886.0	34525494.0	5196392.0	86.91806325611024	216.515
B_3_20_1	45892913.0	40550714.0	5342199.0	88.35942490728361	227.821
B_3_21_1	43153408.0	38304137.0	4849271.0	88.76271602928789	221.013
B_3_22_1	41141673.0	37086106.0	4055567.0	90.14243538419062	253.944
B_3_23_1	42800861.0	37984791.0	4816070.0	88.74772635999075	254.109
B_3_24_1	37022790.0	33043493.0	3979297.0	89.25176357589474	259.752
B_3_25_1	37754701.0	32261425.0	5493276.0	85.45008739441481	235.175
B_3_26_1	37412960.0	33037903.0	4375057.0	88.30603886995308	243.537
B_3_27_1	41786363.0	37145109.0	4641254.0	88.89289790547218	226.991
B_3_28_1	38516735.0	34205526.0	4311209.0	88.80691990118062	250.312
B_3_29_1	41742419.0	37020322.0	4722097.0	88.68753389687359	209.454
B_3_30_1	38280795.0	33838590.0	4442205.0	88.39573472807972	246.155
B_3_31_1	41959113.0	35534751.0	6424362.0	84.68899473637586	242.452
B_3_32_1	47404392.0	37085021.0	10319371.0	78.23119216464163	275.929
B_3_33_1	34899180.0	30346639.0	4552541.0	86.95516341644704	230.535
B_3_34_1	38581521.0	34092992.0	4488529.0	88.36611703307395	224.1
B_3_35_1	36076974.0	32027304.0	4049670.0	88.7749177633357	247.783
B_3_36_1	37846325.0	32972294.0	4874031.0	87.12152104596682	211.338
B_3_38_1	32056712.0	26288081.0	5768631.0	82.00491990569712	201.465
B_3_39_1	41602071.0	36142013.0	5460058.0	86.87551396179292	245.545
B_3_3_1	30947185.0	27330831.0	3616354.0	88.31443312210787	214.467
B_3_40_1	41541943.0	35962861.0	5579082.0	86.57000227456862	224.672
B_3_41_1	41215982.0	35947046.0	5268936.0	87.21627935493566	244.743
B_3_42_1	49236189.0	43084759.0	6151430.0	87.5062832340659	243.01
B_3_4_1	35341792.0	31350032.0	3991760.0	88.70526995348736	210.221
B_3_5_1	34212447.0	30324824.0	3887623.0	88.63681688714053	212.73
B_3_6_1	41423720.0	36684200.0	4739520.0	88.55843946415243	216.577
B_3_8_1	38701655.0	34337036.0	4364619.0	88.72239701377111	239.29
B_3_9_1	35191668.0	31349812.0	3841856.0	89.08305227248677	258.479
re_B_1_34_1	25192126.0	21174460.0	4017666.0	84.05189780330569	248.343
