Sample	37	42	47	52	57	62	67	72	77	82	87	92	97	102	107	112	117	122	127	132	137	142	147	150
BR_1_13_1	43542.0	53901.0	53558.0	54683.0	54964.0	54144.0	52391.0	52699.0	53286.0	56155.0	54453.0	53449.0	58153.0	56363.0	55156.0	55978.0	59618.0	59181.0	65512.0	71273.0	156567.0	177854.0	2717541.0	24193797.0
BR_1_13_2	30077.0	37416.0	37696.0	37168.0	38230.0	37504.0	39268.0	40030.0	40631.0	41483.0	42124.0	43650.0	43814.0	47476.0	46855.0	49077.0	51899.0	53423.0	59406.0	66544.0	149351.0	182791.0	3914706.0	23233599.0
BR_1_19_1	82775.0	101579.0	104975.0	101153.0	98991.0	100110.0	98121.0	96859.0	94373.0	97287.0	95175.0	100455.0	97413.0	100974.0	100545.0	96567.0	101063.0	100164.0	100587.0	106049.0	187822.0	218097.0	3262192.0	27912803.0
BR_1_19_2	78901.0	98197.0	94085.0	85925.0	84143.0	81773.0	81976.0	85640.0	82628.0	80708.0	85393.0	85713.0	83613.0	84061.0	84191.0	91169.0	89332.0	86534.0	96349.0	102395.0	183782.0	217695.0	4641308.0	26770618.0
BR_1_25_1	63882.0	80533.0	81443.0	82793.0	84008.0	83319.0	81926.0	83561.0	84851.0	87118.0	84005.0	83278.0	88284.0	86812.0	84153.0	85790.0	89366.0	88829.0	97053.0	102100.0	183258.0	205893.0	3266402.0	28661258.0
BR_1_25_2	44793.0	56503.0	57068.0	56155.0	58192.0	57196.0	59106.0	61103.0	61632.0	62995.0	64427.0	66114.0	68421.0	73502.0	71526.0	74633.0	78272.0	78637.0	86427.0	92815.0	170201.0	211706.0	4571762.0	27736729.0
BR_1_31_1	51561.0	64052.0	64422.0	67374.0	66098.0	65757.0	63839.0	63093.0	64556.0	67658.0	66041.0	65002.0	70117.0	69785.0	67099.0	69108.0	72295.0	71501.0	79069.0	83119.0	147554.0	166701.0	2867010.0	25561384.0
BR_1_31_2	43528.0	53828.0	54439.0	53326.0	55079.0	54414.0	55134.0	57096.0	57162.0	58332.0	58469.0	61201.0	62650.0	68924.0	66912.0	69329.0	73311.0	74500.0	83143.0	88654.0	149124.0	188950.0	4799351.0	23707339.0
BR_1_35_1	50937.0	63103.0	63602.0	64248.0	64491.0	63856.0	62006.0	61458.0	62502.0	65092.0	63571.0	62577.0	68284.0	67587.0	65045.0	66311.0	69543.0	69178.0	74740.0	79331.0	139714.0	158302.0	2962535.0	26489772.0
BR_1_35_2	37527.0	47398.0	47173.0	46628.0	47520.0	46706.0	48174.0	49569.0	49325.0	50030.0	50852.0	53909.0	54037.0	59136.0	57878.0	60078.0	63426.0	64559.0	70668.0	75863.0	132988.0	166814.0	4415387.0	25262140.0
BR_1_8_1	49801.0	60947.0	61576.0	63097.0	61531.0	61289.0	59247.0	60699.0	61978.0	62800.0	61681.0	60820.0	65287.0	65416.0	63385.0	65425.0	67852.0	68133.0	74762.0	79027.0	136664.0	152342.0	3092933.0	27077748.0
BR_1_8_2	39912.0	49483.0	50193.0	48370.0	49640.0	48885.0	49901.0	51608.0	52044.0	52773.0	53385.0	55920.0	58027.0	62965.0	61327.0	63547.0	67407.0	69066.0	76489.0	80852.0	133428.0	167235.0	4628846.0	25663137.0
BR_2_13_1	98098.0	121142.0	121714.0	120985.0	120878.0	120263.0	118619.0	116382.0	113685.0	117285.0	115768.0	120635.0	117626.0	121280.0	121598.0	116786.0	122398.0	119923.0	119699.0	129716.0	240827.0	280558.0	3911392.0	33243506.0
BR_2_13_2	82158.0	102872.0	100518.0	91972.0	90958.0	88337.0	90291.0	93074.0	89637.0	87875.0	92583.0	92812.0	91374.0	91578.0	92703.0	100695.0	100071.0	96847.0	108864.0	119688.0	235070.0	282686.0	5574065.0	32054035.0
BR_2_19_1	53804.0	67518.0	67115.0	67262.0	64891.0	63679.0	62459.0	63118.0	63422.0	66585.0	63933.0	62763.0	66724.0	65392.0	64051.0	64297.0	68022.0	68004.0	73141.0	78612.0	135612.0	153319.0	3194979.0	29499368.0
BR_2_19_2	42546.0	52149.0	52267.0	51850.0	52361.0	51913.0	52429.0	54671.0	53924.0	56179.0	56402.0	59822.0	59753.0	62430.0	62061.0	65141.0	68284.0	70231.0	78575.0	83027.0	135746.0	166787.0	4393788.0	28415734.0
BR_2_25_1	59432.0	74212.0	75202.0	76599.0	77556.0	76600.0	75229.0	74736.0	76829.0	78752.0	77408.0	76274.0	81775.0	80449.0	77913.0	81146.0	84120.0	84517.0	92280.0	96717.0	149769.0	168296.0	3663000.0	27427532.0
BR_2_25_2	43539.0	55354.0	56354.0	55216.0	56930.0	56695.0	58308.0	60647.0	60133.0	62157.0	63603.0	65641.0	67112.0	73828.0	71972.0	74834.0	79133.0	80448.0	88302.0	93542.0	143687.0	180273.0	5338216.0	26000419.0
BR_2_8_1	94789.0	116930.0	118697.0	116021.0	114195.0	114356.0	112794.0	110803.0	108431.0	111638.0	109101.0	114628.0	110123.0	115128.0	114862.0	109977.0	115069.0	113936.0	113781.0	123218.0	227965.0	266658.0	3730293.0	31816169.0
BR_2_8_2	77460.0	97280.0	94718.0	87144.0	85647.0	83561.0	84497.0	88679.0	85467.0	83399.0	87889.0	88282.0	86571.0	87719.0	87687.0	95431.0	94239.0	91938.0	102472.0	111908.0	218936.0	264027.0	5046433.0	30968178.0
BR_3_13_1	86123.0	106082.0	108518.0	106548.0	105198.0	105780.0	104407.0	103175.0	101090.0	103671.0	102355.0	106698.0	103057.0	107523.0	107957.0	103701.0	109982.0	108668.0	108724.0	118227.0	237136.0	280838.0	3434318.0	28714904.0
BR_3_13_2	77542.0	97967.0	95278.0	86869.0	84395.0	82102.0	82452.0	86148.0	82185.0	80593.0	85627.0	85663.0	84543.0	85296.0	85456.0	92458.0	91006.0	88302.0	99729.0	109193.0	228111.0	276690.0	4802588.0	27704487.0
BR_3_19_1	85759.0	106021.0	105914.0	106182.0	107686.0	105464.0	104391.0	100834.0	100091.0	102658.0	100890.0	105959.0	102441.0	105461.0	105009.0	102000.0	106115.0	104172.0	104032.0	115453.0	240005.0	276298.0	3338671.0	27952940.0
BR_3_19_2	74132.0	93265.0	90172.0	82164.0	80744.0	78904.0	79103.0	82420.0	79471.0	78216.0	82730.0	83438.0	81194.0	82269.0	83589.0	90965.0	89989.0	88435.0	100035.0	112332.0	241839.0	286051.0	4594438.0	27048551.0
BR_3_25_1	80743.0	98942.0	100047.0	99295.0	98126.0	98970.0	97345.0	94477.0	93221.0	96612.0	94850.0	99456.0	97665.0	99887.0	100225.0	97659.0	101823.0	101945.0	102497.0	112980.0	225455.0	263350.0	3051262.0	25707028.0
BR_3_25_2	68673.0	86359.0	84160.0	76784.0	76286.0	73566.0	74257.0	78046.0	74343.0	73114.0	77239.0	77713.0	76729.0	77678.0	78495.0	85195.0	84941.0	84481.0	95421.0	106989.0	226905.0	272751.0	4239960.0	24863775.0
BR_3_31_1	79194.0	99333.0	100825.0	99598.0	98748.0	99652.0	98492.0	96119.0	94240.0	97631.0	96060.0	100225.0	96986.0	99417.0	100146.0	96701.0	100180.0	98394.0	98825.0	106011.0	196435.0	227972.0	2882443.0	24125479.0
BR_3_31_2	71163.0	88800.0	87874.0	80091.0	79322.0	77207.0	77575.0	81039.0	78291.0	76336.0	80854.0	80861.0	79805.0	79800.0	80140.0	87062.0	84922.0	82668.0	92323.0	99750.0	193014.0	229979.0	4325831.0	22994399.0
BR_3_35_1	81680.0	99819.0	100848.0	100966.0	99374.0	100118.0	98512.0	95158.0	94668.0	97163.0	95347.0	99249.0	96521.0	101576.0	100899.0	97660.0	101510.0	99950.0	100589.0	111025.0	224602.0	263127.0	3284112.0	27616601.0
BR_3_35_2	75041.0	94821.0	91307.0	83958.0	82115.0	80577.0	81258.0	84386.0	80763.0	78907.0	84160.0	84492.0	82088.0	82998.0	84010.0	91535.0	90242.0	87864.0	99377.0	109536.0	227448.0	272122.0	4709708.0	26422361.0
BR_3_8_1	74613.0	91259.0	91915.0	93037.0	90813.0	91388.0	89675.0	88499.0	87016.0	89741.0	88568.0	91825.0	88471.0	92268.0	91850.0	88974.0	93139.0	92249.0	91775.0	96726.0	165189.0	193131.0	3059355.0	26353864.0
BR_3_8_2	63595.0	80532.0	77986.0	71312.0	69629.0	68181.0	68683.0	71389.0	68863.0	66866.0	71315.0	71499.0	70100.0	71061.0	71131.0	76925.0	75640.0	73556.0	82486.0	86249.0	155941.0	188263.0	4323684.0	25450454.0
B_1_10_1	51284.0	62968.0	62947.0	63585.0	62911.0	61066.0	61337.0	60149.0	59757.0	59560.0	59873.0	59447.0	58465.0	57365.0	58255.0	57525.0	59856.0	60968.0	61238.0	82053.0	443908.0	552490.0	2566249.0	27620325.0
B_1_10_2	30755.0	37256.0	36860.0	36351.0	36092.0	36333.0	36434.0	36527.0	36536.0	37255.0	37464.0	39162.0	37855.0	39649.0	41523.0	43762.0	48174.0	52096.0	57900.0	87204.0	467751.0	596303.0	3378851.0	27115488.0
B_1_11_1	64615.0	80241.0	80081.0	80677.0	79648.0	77808.0	77145.0	76079.0	75454.0	74511.0	73991.0	74048.0	72671.0	71985.0	71682.0	70855.0	73430.0	74514.0	74120.0	80522.0	191097.0	225818.0	3020544.0	37785165.0
B_1_11_2	46124.0	55691.0	54576.0	53769.0	53599.0	52800.0	52441.0	52339.0	52098.0	52513.0	53351.0	54508.0	53082.0	53460.0	55934.0	56589.0	60406.0	61438.0	63902.0	72942.0	188791.0	227928.0	4049720.0	37148700.0
B_1_12_1	47532.0	58859.0	59282.0	59789.0	58666.0	58644.0	57819.0	57272.0	56524.0	56431.0	55996.0	55782.0	55007.0	54254.0	55977.0	53844.0	57082.0	57099.0	57900.0	61649.0	131631.0	156288.0	2490540.0	33433320.0
B_1_12_2	39788.0	48294.0	47458.0	46247.0	45629.0	45437.0	44908.0	45209.0	44640.0	45546.0	45795.0	47518.0	45938.0	46847.0	49324.0	50380.0	53324.0	54967.0	57182.0	63861.0	137597.0	166785.0	3888810.0	32185703.0
B_1_13_1	41153.0	51443.0	51526.0	51345.0	50833.0	50663.0	50613.0	49701.0	49233.0	48817.0	48828.0	48472.0	48828.0	47315.0	48073.0	47624.0	49322.0	50811.0	50143.0	52986.0	88331.0	102782.0	2126375.0	26736410.0
B_1_13_2	40040.0	47524.0	46504.0	45799.0	45087.0	44740.0	44838.0	44565.0	43801.0	43980.0	44894.0	46046.0	44990.0	45640.0	47946.0	48511.0	51813.0	52994.0	54502.0	58968.0	98808.0	116367.0	3432824.0	25450446.0
B_1_14_1	66567.0	82029.0	81984.0	81618.0	81000.0	79955.0	79648.0	78008.0	77007.0	76983.0	76321.0	75890.0	76209.0	74076.0	75693.0	73640.0	76003.0	77533.0	77072.0	85373.0	228315.0	279438.0	3096581.0	38949678.0
B_1_14_2	48538.0	58758.0	57363.0	56748.0	55728.0	54960.0	55356.0	55541.0	55229.0	55767.0	56684.0	58370.0	56564.0	57819.0	60498.0	62183.0	66486.0	69883.0	73787.0	86643.0	238197.0	297902.0	4640745.0	37726872.0
B_1_15_1	71145.0	86725.0	87231.0	87440.0	87598.0	84980.0	84850.0	83156.0	82592.0	81923.0	82722.0	81953.0	81716.0	79753.0	80365.0	79708.0	82157.0	83804.0	83746.0	91314.0	231506.0	283022.0	3419958.0	42830285.0
B_1_15_2	51332.0	62210.0	61129.0	60283.0	60214.0	59496.0	59785.0	58992.0	59017.0	59272.0	60697.0	62116.0	60326.0	60787.0	63921.0	65387.0	69171.0	70953.0	73807.0	84890.0	232347.0	289285.0	4945548.0	41698684.0
B_1_16_1	55724.0	69366.0	69276.0	69581.0	68596.0	67378.0	66911.0	65960.0	64987.0	64795.0	64886.0	64348.0	63818.0	62233.0	63496.0	62269.0	64518.0	65800.0	65865.0	70275.0	147520.0	176448.0	2760490.0	35551597.0
B_1_16_2	48515.0	57997.0	56280.0	55862.0	55008.0	54037.0	53774.0	54508.0	53651.0	53902.0	54784.0	56847.0	54768.0	55359.0	58421.0	58987.0	62958.0	65370.0	67059.0	75345.0	157488.0	189662.0	4305841.0	34139714.0
B_1_17_1	62133.0	76494.0	76623.0	76514.0	75849.0	73851.0	73865.0	71724.0	70815.0	70376.0	70511.0	70178.0	68624.0	68633.0	69222.0	67824.0	70022.0	72133.0	72248.0	85658.0	354017.0	448067.0	2965078.0	34827866.0
B_1_17_2	37943.0	45991.0	45259.0	44315.0	44007.0	43568.0	43724.0	44452.0	43531.0	44470.0	44899.0	47093.0	45359.0	46333.0	48742.0	49602.0	53260.0	55288.0	58126.0	76465.0	355315.0	458317.0	3909126.0	34353140.0
B_1_18_1	45743.0	55502.0	57367.0	57245.0	56863.0	55507.0	55143.0	54781.0	54126.0	53354.0	54688.0	53782.0	53420.0	52794.0	53178.0	52591.0	54089.0	55367.0	54990.0	61641.0	177825.0	221792.0	2239576.0	28503331.0
B_1_18_2	32663.0	39672.0	39049.0	38598.0	38048.0	37626.0	38131.0	38335.0	37964.0	38626.0	39604.0	40892.0	39052.0	40077.0	42401.0	42239.0	44921.0	46888.0	48570.0	57940.0	178834.0	228236.0	3216407.0	27789922.0
B_1_19_1	50584.0	63357.0	63719.0	63577.0	62572.0	62378.0	61961.0	61433.0	61113.0	61664.0	60424.0	59969.0	60045.0	58748.0	59735.0	59081.0	62058.0	63651.0	64820.0	72902.0	185001.0	216541.0	2444525.0	30864361.0
B_1_19_2	39652.0	47614.0	46407.0	45397.0	45857.0	45135.0	44730.0	44643.0	44282.0	44847.0	45643.0	46949.0	45766.0	46028.0	48058.0	48987.0	52545.0	54344.0	57143.0	67212.0	183284.0	217076.0	3695737.0	29886883.0
B_1_20_1	49527.0	62177.0	61478.0	62578.0	61262.0	60937.0	60998.0	59362.0	58827.0	58839.0	58527.0	58103.0	58262.0	57417.0	57744.0	57281.0	59481.0	60981.0	62098.0	79514.0	345909.0	421784.0	2406386.0	27477456.0
B_1_20_2	39898.0	47825.0	46844.0	46301.0	45624.0	45326.0	44988.0	45425.0	45469.0	45493.0	46229.0	47380.0	45897.0	46518.0	49033.0	50212.0	53495.0	56124.0	58825.0	80924.0	353491.0	434927.0	3704643.0	26376037.0
B_1_21_1	42047.0	52698.0	53058.0	53091.0	52650.0	52487.0	51955.0	50853.0	51386.0	50493.0	50612.0	50764.0	50225.0	49065.0	49907.0	49250.0	51481.0	52619.0	52686.0	57504.0	118790.0	139488.0	2269404.0	29652949.0
B_1_21_2	48930.0	58605.0	56973.0	55363.0	54657.0	53951.0	54047.0	53628.0	53675.0	53451.0	54424.0	56458.0	54350.0	55003.0	58044.0	59054.0	63333.0	65166.0	67633.0	74487.0	140857.0	166258.0	3986062.0	27761053.0
B_1_22_1	45990.0	57272.0	57116.0	58305.0	57487.0	56976.0	56689.0	55679.0	55267.0	55187.0	55474.0	54527.0	53361.0	53008.0	54158.0	53133.0	55213.0	56611.0	56506.0	64981.0	178182.0	207386.0	2420338.0	30874745.0
B_1_22_2	45025.0	54430.0	52780.0	51799.0	51422.0	50497.0	50619.0	50567.0	49810.0	50424.0	51402.0	53081.0	51348.0	52651.0	55540.0	57752.0	62854.0	66578.0	70695.0	84968.0	207258.0	245032.0	3999612.0	29227447.0
B_1_23_1	47148.0	58099.0	58543.0	59315.0	58463.0	57630.0	57431.0	55839.0	55395.0	55151.0	55261.0	54776.0	53686.0	53313.0	54155.0	53172.0	55520.0	56004.0	56024.0	64767.0	185398.0	220930.0	2324308.0	29064756.0
B_1_23_2	45889.0	55158.0	53789.0	52755.0	52052.0	51753.0	51402.0	51298.0	50752.0	51631.0	52743.0	54533.0	52399.0	53301.0	56725.0	58634.0	63316.0	67030.0	71402.0	85563.0	215532.0	259949.0	3778637.0	27528841.0
B_1_24_1	48405.0	59354.0	59687.0	59378.0	58783.0	57956.0	57924.0	55838.0	55853.0	54699.0	55576.0	55094.0	54714.0	53786.0	54067.0	53776.0	55745.0	56835.0	57653.0	65507.0	185698.0	225678.0	2341067.0	28832814.0
B_1_24_2	35858.0	43616.0	42717.0	42038.0	41398.0	40977.0	41080.0	41591.0	41200.0	41849.0	41736.0	43655.0	42208.0	42854.0	44847.0	45472.0	48033.0	50582.0	51765.0	61460.0	186660.0	229144.0	3324711.0	28090436.0
B_1_25_1	55779.0	69650.0	70651.0	71783.0	70603.0	71026.0	70603.0	69423.0	69328.0	69231.0	68900.0	68480.0	68778.0	68030.0	68535.0	67869.0	70045.0	71914.0	72615.0	76142.0	131245.0	152090.0	2891014.0	34446130.0
B_1_25_2	51643.0	61596.0	60270.0	60113.0	60624.0	60465.0	59491.0	59011.0	59702.0	59192.0	60922.0	63422.0	61620.0	63031.0	66035.0	67640.0	72931.0	74727.0	78826.0	86247.0	149758.0	174571.0	4572837.0	32825190.0
B_1_26_1	48230.0	60446.0	60481.0	59691.0	60064.0	59046.0	58944.0	57180.0	56911.0	57044.0	56942.0	56154.0	55689.0	55495.0	54930.0	55095.0	56891.0	58067.0	58290.0	62544.0	126698.0	149053.0	2393706.0	29918176.0
B_1_26_2	43680.0	52628.0	51438.0	50360.0	50268.0	49513.0	49192.0	48902.0	48763.0	49060.0	49414.0	50996.0	48732.0	49872.0	51923.0	53166.0	56302.0	57680.0	59931.0	66402.0	136542.0	161012.0	3642035.0	28757956.0
B_1_27_1	59432.0	73286.0	72472.0	73223.0	72292.0	71449.0	71225.0	68944.0	68257.0	68321.0	67752.0	67199.0	67184.0	65752.0	66334.0	66134.0	67794.0	69389.0	69712.0	76058.0	191512.0	230465.0	2753033.0	33645429.0
B_1_27_2	42646.0	52452.0	51087.0	50005.0	50189.0	49850.0	49782.0	49244.0	48763.0	49282.0	50381.0	51828.0	50058.0	50339.0	52486.0	53446.0	56534.0	58442.0	60542.0	70926.0	191398.0	233939.0	3815778.0	32913251.0
B_1_28_1	54942.0	69004.0	70003.0	69527.0	68631.0	68229.0	68042.0	67134.0	66222.0	65479.0	65892.0	65865.0	65279.0	64023.0	65047.0	64279.0	67032.0	69204.0	70208.0	76448.0	161303.0	186297.0	2937046.0	36793178.0
B_1_28_2	54424.0	65089.0	63139.0	62724.0	62005.0	61751.0	61240.0	61050.0	60442.0	60833.0	62322.0	64709.0	62539.0	63041.0	66057.0	67308.0	72591.0	74254.0	78056.0	87172.0	178107.0	207447.0	4630841.0	35091173.0
B_1_29_1	55451.0	68244.0	68270.0	68895.0	68386.0	67956.0	67819.0	65386.0	64919.0	65090.0	65141.0	64278.0	64572.0	62792.0	63159.0	62844.0	64825.0	65883.0	65183.0	69133.0	127834.0	149250.0	2782616.0	35391338.0
B_1_29_2	43785.0	52325.0	51650.0	51145.0	50350.0	50340.0	50394.0	50555.0	50058.0	50414.0	50943.0	52924.0	50890.0	52113.0	54217.0	55242.0	58720.0	60137.0	62267.0	68609.0	131883.0	157012.0	4066080.0	34337211.0
B_1_30_1	55527.0	68780.0	69510.0	68818.0	68029.0	67422.0	67070.0	65228.0	64820.0	64571.0	64556.0	63373.0	63944.0	63357.0	63045.0	62101.0	64220.0	65150.0	65441.0	69331.0	143712.0	168790.0	2755779.0	35553221.0
B_1_30_2	45081.0	54299.0	53478.0	52743.0	53114.0	52473.0	52299.0	52072.0	51822.0	52393.0	52862.0	55111.0	52531.0	53577.0	55985.0	57316.0	60474.0	62450.0	64766.0	71694.0	150796.0	180698.0	3993886.0	34493875.0
B_1_31_1	61867.0	76820.0	78134.0	79147.0	76989.0	77730.0	79593.0	173803.0	195407.0	153067.0	118032.0	90066.0	87067.0	74627.0	79416.0	80103.0	80870.0	85139.0	88779.0	112017.0	322856.0	377998.0	2618984.0	25904421.0
B_1_31_2	57611.0	70095.0	69620.0	68753.0	70439.0	232954.0	219727.0	96482.0	74989.0	70381.0	75118.0	76116.0	77460.0	81451.0	83440.0	91173.0	95133.0	105770.0	118664.0	142688.0	362238.0	430228.0	3503182.0	24899220.0
B_1_32_1	90125.0	99419.0	97238.0	95902.0	95585.0	91380.0	88947.0	90263.0	90696.0	92898.0	93251.0	93251.0	94316.0	93255.0	90429.0	89922.0	93376.0	94845.0	95767.0	111064.0	239924.0	289188.0	3882822.0	38947932.0
B_1_32_2	75886.0	89507.0	87584.0	84221.0	85240.0	84125.0	82220.0	82791.0	82409.0	84656.0	86406.0	85962.0	88786.0	90498.0	92351.0	93734.0	96354.0	98903.0	105123.0	126633.0	262468.0	314238.0	5948362.0	36913338.0
B_1_33_1	75628.0	82893.0	80972.0	80318.0	80625.0	77584.0	76161.0	76573.0	76623.0	80038.0	80522.0	79748.0	80772.0	79792.0	76864.0	77745.0	79526.0	81131.0	82226.0	110200.0	398142.0	494748.0	3571543.0	33894316.0
B_1_33_2	76497.0	90282.0	87067.0	83143.0	82719.0	82179.0	84462.0	84725.0	81694.0	83947.0	84766.0	84546.0	87839.0	90028.0	91096.0	92418.0	96443.0	98854.0	107059.0	142874.0	439986.0	545151.0	5613086.0	31563829.0
B_1_34_1	17750.0	21747.0	21782.0	21704.0	20945.0	21447.0	21206.0	21059.0	21355.0	21221.0	21886.0	21524.0	21869.0	21872.0	22864.0	23048.0	23031.0	24206.0	25073.0	41317.0	233194.0	281507.0	920691.0	7274606.0
B_1_34_2	13996.0	16819.0	16844.0	17046.0	17751.0	17144.0	17647.0	18613.0	18022.0	18015.0	18708.0	18903.0	19867.0	20050.0	20291.0	22225.0	23779.0	26412.0	30259.0	48069.0	245142.0	302833.0	1162914.0	7035555.0
B_1_35_1	62060.0	75386.0	75010.0	74314.0	73202.0	72391.0	72243.0	72179.0	72465.0	76418.0	79395.0	82996.0	80102.0	72502.0	75393.0	75745.0	75404.0	79574.0	81798.0	134062.0	790979.0	930368.0	2956061.0	23605411.0
B_1_35_2	37633.0	46397.0	46476.0	46684.0	48531.0	48536.0	58637.0	62621.0	52194.0	51148.0	53811.0	54800.0	56880.0	59540.0	61205.0	67731.0	76013.0	88433.0	106234.0	170614.0	861787.0	1038979.0	3684417.0	22966157.0
B_1_36_1	101910.0	111358.0	108766.0	107870.0	108278.0	103842.0	101768.0	102312.0	103100.0	106231.0	106420.0	105596.0	107579.0	106451.0	103533.0	103514.0	106974.0	108154.0	108619.0	129221.0	277639.0	338312.0	4847555.0	49187366.0
B_1_36_2	105296.0	124791.0	120285.0	115929.0	115139.0	115167.0	117000.0	117140.0	112094.0	116686.0	117999.0	120143.0	123082.0	126168.0	130136.0	131471.0	137133.0	139859.0	150385.0	178184.0	336943.0	401063.0	7588298.0	45951977.0
B_1_38_1	67857.0	75824.0	74683.0	74478.0	74546.0	71357.0	70256.0	78698.0	81405.0	78639.0	73762.0	72322.0	73017.0	72093.0	69948.0	70719.0	73658.0	75781.0	77868.0	98858.0	292946.0	356886.0	2860318.0	26465125.0
B_1_38_2	54014.0	64139.0	61817.0	59854.0	60514.0	60059.0	71755.0	74394.0	60133.0	60772.0	62250.0	61623.0	63210.0	64935.0	66556.0	67771.0	71232.0	73451.0	80257.0	105710.0	309754.0	377888.0	4176972.0	25271984.0
B_1_39_1	68561.0	77624.0	75800.0	74838.0	74698.0	72178.0	70911.0	73068.0	74044.0	74666.0	73843.0	72826.0	74767.0	74244.0	71990.0	73960.0	75650.0	76620.0	77987.0	117717.0	548470.0	667242.0	3141963.0	26341168.0
B_1_39_2	54135.0	63859.0	63027.0	60271.0	60328.0	59000.0	60789.0	63901.0	59623.0	61147.0	61725.0	60820.0	63286.0	65375.0	65565.0	67277.0	70124.0	74044.0	80975.0	127377.0	571901.0	704038.0	4444628.0	25161620.0
B_1_3_1	57931.0	71857.0	72223.0	71825.0	71591.0	70748.0	69767.0	68934.0	68766.0	68247.0	67800.0	67498.0	66723.0	66119.0	66382.0	64945.0	67689.0	69123.0	69293.0	77235.0	199534.0	239307.0	2725193.0	34445046.0
B_1_3_2	40649.0	49479.0	48632.0	47941.0	47534.0	47588.0	47170.0	47049.0	47033.0	46810.0	47831.0	49386.0	47936.0	48729.0	51562.0	52756.0	56855.0	59460.0	63278.0	74971.0	204505.0	249281.0	3865710.0	33641631.0
B_1_40_1	69300.0	87290.0	87259.0	88916.0	88975.0	91163.0	90321.0	91669.0	91951.0	91561.0	93490.0	95088.0	93024.0	92002.0	90748.0	91484.0	99647.0	110881.0	118581.0	138171.0	262788.0	302117.0	4261222.0	30133453.0
B_1_40_2	84451.0	105779.0	104804.0	103225.0	106239.0	107208.0	107108.0	106410.0	101106.0	100096.0	96017.0	101372.0	103489.0	111860.0	118123.0	125286.0	139979.0	165043.0	179281.0	193312.0	332374.0	379700.0	5482515.0	28306324.0
B_1_41_1	80336.0	100203.0	100883.0	102164.0	102722.0	103888.0	102653.0	103661.0	104386.0	104402.0	106167.0	110940.0	107034.0	105775.0	104056.0	104333.0	112675.0	125518.0	135223.0	177253.0	503388.0	593911.0	4776836.0	32393954.0
B_1_41_2	70832.0	90371.0	89730.0	88541.0	91382.0	93041.0	90604.0	99189.0	90823.0	89058.0	85750.0	91060.0	93930.0	100750.0	107251.0	114452.0	128612.0	152339.0	168602.0	210799.0	558812.0	661986.0	5738488.0	31355959.0
B_1_42_1	76806.0	94339.0	92948.0	92753.0	90236.0	90619.0	90166.0	89937.0	92431.0	95891.0	96053.0	93855.0	94014.0	90118.0	93837.0	93963.0	93401.0	97935.0	101841.0	157008.0	784924.0	921441.0	3488987.0	30066502.0
B_1_42_2	56475.0	68921.0	68227.0	68030.0	69994.0	72498.0	78855.0	81386.0	72339.0	71124.0	74563.0	76841.0	79651.0	81624.0	86364.0	94436.0	104509.0	118593.0	139577.0	203915.0	862788.0	1032775.0	4353209.0	29163311.0
B_1_4_1	50670.0	62664.0	63243.0	63669.0	63802.0	62930.0	62916.0	61368.0	61274.0	61289.0	61262.0	60336.0	60311.0	59371.0	59985.0	59983.0	62428.0	64405.0	65340.0	79008.0	306252.0	361563.0	2548090.0	29813892.0
B_1_4_2	37680.0	45308.0	43840.0	43479.0	43447.0	42296.0	42725.0	42426.0	42634.0	42418.0	43601.0	44985.0	44635.0	45805.0	48249.0	50556.0	56580.0	61311.0	69324.0	91687.0	332207.0	399695.0	3628758.0	28932405.0
B_1_5_1	73691.0	91006.0	90738.0	90748.0	90166.0	87783.0	87739.0	86290.0	85585.0	86215.0	85338.0	84554.0	83689.0	82099.0	83412.0	81599.0	85431.0	86269.0	87500.0	108532.0	433953.0	535319.0	3449357.0	39576683.0
B_1_5_2	51313.0	61442.0	60180.0	59252.0	59031.0	58179.0	57716.0	58252.0	57772.0	58258.0	59002.0	61397.0	59360.0	60394.0	63070.0	64813.0	69944.0	72572.0	78368.0	104362.0	443841.0	558376.0	4840889.0	38615913.0
B_1_6_1	54556.0	68491.0	68782.0	68630.0	68776.0	67546.0	67581.0	66421.0	66244.0	65999.0	66481.0	65334.0	64918.0	63641.0	64619.0	63308.0	66102.0	68086.0	68666.0	77803.0	195509.0	233850.0	2796930.0	35150157.0
B_1_6_2	52670.0	63200.0	61648.0	60352.0	59659.0	59231.0	58369.0	58054.0	58329.0	57878.0	59051.0	61245.0	59053.0	59636.0	62634.0	64078.0	68131.0	70119.0	73794.0	85723.0	209565.0	254185.0	4635604.0	33356222.0
B_1_8_1	55553.0	66808.0	67062.0	70250.0	67019.0	65054.0	65044.0	63549.0	64214.0	63722.0	63876.0	61651.0	62263.0	62051.0	62124.0	62723.0	64622.0	64623.0	65490.0	74504.0	203363.0	240586.0	2587745.0	31418520.0
B_1_8_2	44346.0	51100.0	49684.0	48492.0	48830.0	48233.0	47581.0	47283.0	47920.0	48395.0	48700.0	50195.0	49110.0	49921.0	52298.0	53646.0	58490.0	61261.0	64952.0	77613.0	213147.0	256014.0	3842735.0	30382470.0
B_1_9_1	59687.0	74390.0	73617.0	73937.0	73739.0	72661.0	71635.0	71131.0	70468.0	69687.0	70006.0	68856.0	68271.0	67113.0	67337.0	66364.0	68944.0	69403.0	68795.0	75767.0	186331.0	222883.0	2898430.0	37168683.0
B_1_9_2	47573.0	57025.0	55949.0	55414.0	54906.0	53448.0	54005.0	53535.0	53725.0	53458.0	54492.0	56160.0	54635.0	55122.0	57396.0	58561.0	62343.0	64505.0	66694.0	76826.0	193900.0	236642.0	4386570.0	35915251.0
B_2_10_1	71476.0	90251.0	89778.0	91923.0	92056.0	92578.0	92437.0	93588.0	95164.0	93842.0	96160.0	96801.0	94087.0	95645.0	94385.0	94823.0	103493.0	116954.0	123827.0	144275.0	259355.0	305794.0	4998958.0	35351071.0
B_2_10_2	69634.0	88560.0	88003.0	87337.0	90048.0	91108.0	90305.0	90995.0	87764.0	88252.0	85121.0	89743.0	92953.0	100387.0	107546.0	114164.0	128625.0	152382.0	165529.0	180178.0	311366.0	360380.0	6070201.0	34048140.0
B_2_11_1	55699.0	69173.0	69338.0	70793.0	70495.0	70761.0	70663.0	73149.0	73798.0	71803.0	71554.0	72078.0	71098.0	72083.0	70529.0	70765.0	77148.0	86783.0	91873.0	103451.0	169014.0	197910.0	3579443.0	26261645.0
B_2_11_2	53515.0	68512.0	67938.0	66793.0	68381.0	69249.0	67818.0	70656.0	66919.0	67096.0	64347.0	68058.0	69868.0	75272.0	79472.0	84223.0	93487.0	110817.0	117946.0	124588.0	196385.0	226446.0	4332344.0	25380916.0
B_2_12_1	48957.0	62228.0	63551.0	65413.0	66014.0	66443.0	66904.0	71278.0	71986.0	67562.0	68346.0	69022.0	66789.0	69341.0	68385.0	68818.0	76496.0	86527.0	93330.0	104821.0	149659.0	170458.0	4094857.0	29171455.0
B_2_12_2	102570.0	128578.0	126408.0	123906.0	126687.0	128374.0	123617.0	123648.0	118588.0	117357.0	111257.0	117770.0	119099.0	128852.0	135550.0	142849.0	158265.0	190917.0	204761.0	206870.0	261747.0	287673.0	5946335.0	25776962.0
B_2_13_1	57814.0	72150.0	71609.0	73341.0	73524.0	74077.0	73873.0	75039.0	76516.0	76788.0	79931.0	83605.0	79718.0	75880.0	74859.0	75645.0	81207.0	90916.0	96969.0	138597.0	503838.0	615252.0	3496034.0	22424187.0
B_2_13_2	45467.0	58151.0	57443.0	56732.0	58338.0	59688.0	60538.0	70861.0	59150.0	57430.0	55947.0	59460.0	60970.0	64844.0	68210.0	72950.0	82093.0	97315.0	107140.0	148009.0	534693.0	656424.0	4057492.0	21992024.0
B_2_14_1	72757.0	90757.0	90814.0	93005.0	93369.0	94134.0	93977.0	95244.0	97570.0	95997.0	98871.0	100730.0	97686.0	97082.0	95921.0	96644.0	105349.0	119355.0	126519.0	140985.0	224622.0	260382.0	4689065.0	33936380.0
B_2_14_2	76413.0	96040.0	96785.0	95730.0	99856.0	103204.0	99233.0	99940.0	96163.0	96191.0	92646.0	96964.0	101483.0	107865.0	115004.0	121080.0	134792.0	158757.0	170050.0	179213.0	273560.0	313283.0	5758972.0	32523991.0
B_2_15_1	59636.0	74138.0	73919.0	75996.0	76078.0	77099.0	75700.0	76818.0	78093.0	79102.0	80194.0	82206.0	77918.0	78046.0	77176.0	76944.0	83450.0	93321.0	100898.0	120519.0	252170.0	290835.0	3949802.0	28641668.0
B_2_15_2	58405.0	74651.0	73931.0	73589.0	75229.0	76514.0	78465.0	81494.0	73351.0	73433.0	70355.0	74400.0	76719.0	83532.0	89857.0	96157.0	109232.0	131121.0	143660.0	162039.0	306916.0	353599.0	4938646.0	27376431.0
B_2_16_1	72159.0	90021.0	91358.0	91375.0	92299.0	92801.0	95867.0	96884.0	95162.0	93022.0	94849.0	95272.0	93775.0	96993.0	94941.0	95421.0	104658.0	117517.0	126741.0	158215.0	393091.0	484180.0	4735139.0	33325649.0
B_2_16_2	68812.0	87821.0	86915.0	85982.0	87402.0	91191.0	91934.0	90986.0	86467.0	86418.0	83318.0	88644.0	90669.0	98156.0	105473.0	111705.0	124455.0	146948.0	159823.0	186825.0	436104.0	530780.0	5632414.0	32268147.0
B_2_17_1	67922.0	84405.0	84807.0	84395.0	86028.0	85161.0	86267.0	85901.0	87811.0	88796.0	91811.0	93778.0	91924.0	89361.0	87723.0	87220.0	94012.0	105976.0	113421.0	164338.0	585337.0	710623.0	4484933.0	29123326.0
B_2_17_2	55643.0	71372.0	71105.0	71066.0	73457.0	76152.0	79246.0	85826.0	75007.0	74499.0	71213.0	76012.0	78387.0	84998.0	91628.0	98482.0	112107.0	133096.0	147502.0	198996.0	643655.0	786222.0	5238836.0	28270769.0
B_2_18_1	55200.0	68477.0	69596.0	69894.0	70461.0	70742.0	71194.0	71106.0	71755.0	71141.0	72935.0	75256.0	74081.0	72868.0	71013.0	71190.0	76445.0	87652.0	91855.0	107255.0	215453.0	252499.0	3654080.0	26526908.0
B_2_18_2	54229.0	69335.0	69244.0	68973.0	70369.0	72693.0	71271.0	72812.0	68901.0	69355.0	65985.0	70376.0	72821.0	78772.0	83927.0	89381.0	100328.0	119338.0	129599.0	143045.0	262620.0	304746.0	4505489.0	25425447.0
B_2_19_1	61571.0	76409.0	76223.0	78246.0	78389.0	78331.0	77967.0	82581.0	87291.0	85981.0	87241.0	84110.0	83164.0	79901.0	78461.0	78894.0	85404.0	95093.0	102087.0	145689.0	489570.0	601629.0	3723959.0	24119781.0
B_2_19_2	60035.0	74845.0	75368.0	73414.0	74995.0	75125.0	76383.0	86525.0	79077.0	76757.0	76467.0	75247.0	75928.0	82368.0	85827.0	91384.0	102027.0	119463.0	130182.0	173012.0	533078.0	653404.0	4586952.0	23100109.0
B_2_20_1	52040.0	64731.0	65622.0	65338.0	65314.0	65147.0	65212.0	67658.0	68862.0	66703.0	67425.0	67262.0	66156.0	67905.0	67691.0	68781.0	73792.0	81156.0	85373.0	102583.0	181016.0	214200.0	3605470.0	24248408.0
B_2_20_2	68636.0	85860.0	85030.0	82107.0	85785.0	86908.0	85089.0	84679.0	83883.0	84819.0	82402.0	84642.0	88129.0	95685.0	102463.0	105777.0	115808.0	134229.0	143655.0	162787.0	248859.0	293810.0	4826359.0	22326444.0
B_2_21_1	55721.0	69438.0	70103.0	71180.0	70805.0	71675.0	71783.0	73931.0	77032.0	73161.0	73009.0	73079.0	71618.0	72731.0	72016.0	71968.0	77747.0	87871.0	93202.0	108985.0	202896.0	240160.0	3676374.0	26573632.0
B_2_21_2	57952.0	74199.0	73187.0	71882.0	73451.0	76183.0	75631.0	74445.0	72129.0	72239.0	68871.0	72498.0	75412.0	80745.0	86336.0	91320.0	102070.0	122523.0	133230.0	143948.0	248332.0	286862.0	4553839.0	25412833.0
B_2_22_1	61727.0	77163.0	77261.0	78231.0	78747.0	78611.0	79037.0	80633.0	82766.0	82784.0	85953.0	85837.0	84945.0	82725.0	81612.0	82526.0	88958.0	98933.0	105047.0	132338.0	337411.0	404369.0	3977370.0	27862309.0
B_2_22_2	54225.0	69189.0	68820.0	68226.0	70465.0	72033.0	75747.0	82435.0	71136.0	71317.0	67867.0	72621.0	74556.0	80360.0	85720.0	91832.0	103244.0	122606.0	133204.0	158930.0	377456.0	451113.0	4708966.0	27055225.0
B_2_23_1	61061.0	75951.0	76680.0	77551.0	77562.0	78500.0	78227.0	78085.0	78940.0	78286.0	80232.0	82863.0	81614.0	79902.0	78275.0	78693.0	85461.0	94857.0	100714.0	115951.0	219109.0	263475.0	3946930.0	28754860.0
B_2_23_2	56440.0	71776.0	71274.0	70539.0	71209.0	73181.0	73366.0	76579.0	70796.0	71316.0	68489.0	73096.0	74429.0	79365.0	85510.0	90239.0	101486.0	119245.0	127276.0	139486.0	252802.0	298443.0	4661647.0	27945790.0
B_2_24_1	52382.0	66131.0	66689.0	68141.0	68644.0	70159.0	70582.0	72840.0	73586.0	71323.0	72961.0	72557.0	71915.0	71764.0	70367.0	70260.0	76155.0	85601.0	91040.0	102731.0	166075.0	194950.0	3786522.0	27591808.0
B_2_24_2	60863.0	78212.0	77562.0	76615.0	79320.0	84998.0	83139.0	78079.0	76380.0	76549.0	73160.0	77787.0	80187.0	86450.0	92128.0	97797.0	110038.0	128464.0	138504.0	146869.0	220606.0	249375.0	4728058.0	26204043.0
B_2_25_1	78574.0	97486.0	97409.0	98853.0	99638.0	100583.0	102061.0	108993.0	113714.0	116359.0	124864.0	119056.0	117140.0	101701.0	99734.0	100862.0	109369.0	121290.0	128235.0	149347.0	273973.0	321598.0	4434976.0	31591928.0
B_2_25_2	75909.0	95407.0	95912.0	94299.0	98308.0	102810.0	97769.0	104114.0	101594.0	108577.0	123518.0	108145.0	103369.0	111958.0	110717.0	117632.0	130434.0	151983.0	163554.0	177435.0	315577.0	364681.0	5422258.0	30431783.0
B_2_26_1	58195.0	72130.0	72581.0	73271.0	73236.0	73739.0	74654.0	84786.0	95005.0	74243.0	74919.0	74995.0	74880.0	75773.0	75394.0	77467.0	83357.0	93193.0	100920.0	147354.0	481777.0	594223.0	3708608.0	23308496.0
B_2_26_2	58486.0	73669.0	73175.0	72284.0	74684.0	76445.0	81688.0	92250.0	74942.0	72714.0	70766.0	74414.0	76406.0	82096.0	88034.0	92470.0	102979.0	120183.0	132569.0	178009.0	523969.0	646766.0	4705816.0	22078382.0
B_2_27_1	54253.0	68698.0	68077.0	68886.0	69333.0	70015.0	70069.0	71733.0	72454.0	72718.0	77002.0	77519.0	76934.0	71222.0	70181.0	69941.0	75946.0	84399.0	89990.0	107076.0	220098.0	261914.0	3430552.0	24564965.0
B_2_27_2	52802.0	66384.0	66321.0	65445.0	67010.0	68178.0	75043.0	82548.0	66543.0	65249.0	62069.0	66467.0	67688.0	73618.0	77891.0	82168.0	91174.0	108412.0	115856.0	129955.0	253867.0	299721.0	4057470.0	23802096.0
B_2_28_1	56713.0	71263.0	71234.0	72440.0	72243.0	73006.0	73648.0	80529.0	83912.0	80864.0	83392.0	79049.0	79079.0	73963.0	73773.0	74324.0	80586.0	89685.0	97418.0	127348.0	359187.0	423247.0	3675451.0	25459298.0
B_2_28_2	54289.0	68101.0	67971.0	66839.0	69375.0	74996.0	77044.0	80485.0	72324.0	69997.0	70229.0	69809.0	70065.0	76867.0	81839.0	87105.0	98352.0	116700.0	129514.0	160470.0	411294.0	485392.0	4554804.0	24397791.0
B_2_29_1	58446.0	72912.0	73209.0	75476.0	75617.0	76521.0	76788.0	76073.0	77798.0	77286.0	79124.0	81531.0	80914.0	79400.0	77814.0	78234.0	85089.0	94994.0	100353.0	116448.0	214912.0	254728.0	3955915.0	28942484.0
B_2_29_2	59634.0	75864.0	75501.0	75173.0	77538.0	79153.0	76752.0	79349.0	76865.0	75765.0	73701.0	77682.0	79341.0	85163.0	90649.0	95349.0	107297.0	126659.0	136779.0	147595.0	258439.0	300402.0	4971268.0	27680148.0
B_2_30_1	70583.0	87401.0	86816.0	89124.0	89485.0	90726.0	90252.0	94428.0	97408.0	93360.0	93285.0	92602.0	92445.0	92550.0	91532.0	92864.0	101705.0	114018.0	120400.0	143797.0	301966.0	362215.0	4459997.0	31432919.0
B_2_30_2	68150.0	85724.0	85301.0	84265.0	86287.0	86817.0	91707.0	92398.0	84067.0	83699.0	80250.0	84760.0	87035.0	94261.0	99885.0	105770.0	118250.0	139479.0	152377.0	170064.0	342669.0	409168.0	5474310.0	30275185.0
B_2_31_1	62304.0	78427.0	78959.0	81446.0	81915.0	82895.0	81885.0	84909.0	87223.0	85230.0	84428.0	83402.0	83395.0	81630.0	81406.0	82321.0	89362.0	98846.0	105517.0	121750.0	208565.0	244476.0	3667751.0	26150319.0
B_2_31_2	80869.0	101741.0	99562.0	97801.0	100285.0	102336.0	99699.0	105701.0	95129.0	93308.0	89871.0	94863.0	96421.0	102692.0	108866.0	115830.0	128583.0	150943.0	163467.0	172406.0	271220.0	310839.0	5021698.0	24184231.0
B_2_32_1	66303.0	83686.0	83997.0	85573.0	85599.0	86725.0	86037.0	96807.0	103166.0	86728.0	85792.0	86140.0	86620.0	85681.0	85670.0	86455.0	91889.0	100880.0	107572.0	135929.0	367168.0	449980.0	3314844.0	22773405.0
B_2_32_2	54157.0	68272.0	68217.0	67362.0	69578.0	71884.0	84075.0	78522.0	68621.0	69239.0	67126.0	70250.0	71533.0	76351.0	80976.0	86411.0	95365.0	110453.0	120536.0	147491.0	392066.0	479732.0	4003483.0	22220946.0
B_2_33_1	62184.0	78592.0	78607.0	79800.0	79708.0	80793.0	79807.0	81792.0	83939.0	80494.0	81244.0	81305.0	80608.0	81221.0	80519.0	80092.0	86896.0	96738.0	103503.0	118598.0	208030.0	244763.0	3890946.0	28255093.0
B_2_33_2	62301.0	79121.0	77713.0	76298.0	79138.0	83300.0	77992.0	76403.0	75358.0	74662.0	71956.0	76009.0	77722.0	83192.0	89051.0	94325.0	106057.0	125191.0	135466.0	145324.0	246899.0	286339.0	4688599.0	27286856.0
B_2_34_1	52981.0	66836.0	66533.0	68185.0	67906.0	69157.0	69343.0	73933.0	77873.0	72728.0	73706.0	71958.0	70694.0	70198.0	69794.0	69358.0	75398.0	83846.0	90059.0	108095.0	220529.0	267032.0	3476365.0	25232018.0
B_2_34_2	58732.0	74425.0	72894.0	72706.0	75518.0	76662.0	80877.0	84261.0	72347.0	71607.0	67861.0	72023.0	73815.0	80282.0	84657.0	89847.0	101061.0	118951.0	128059.0	143232.0	265742.0	316864.0	4490058.0	23892044.0
B_2_35_1	56246.0	70707.0	70982.0	72517.0	71552.0	72788.0	73245.0	74499.0	74527.0	74789.0	76953.0	77347.0	76950.0	75014.0	74098.0	73804.0	80570.0	89855.0	95626.0	114305.0	238511.0	286129.0	3617672.0	25909684.0
B_2_35_2	58303.0	73931.0	72982.0	71915.0	73944.0	75401.0	73039.0	75332.0	74094.0	74023.0	73695.0	74513.0	76194.0	81255.0	85174.0	89920.0	100999.0	117722.0	126579.0	139862.0	275155.0	325211.0	4465192.0	24843935.0
B_2_36_1	54431.0	67782.0	67922.0	69316.0	69374.0	69575.0	69667.0	70875.0	72856.0	73782.0	75589.0	73401.0	74336.0	71295.0	70787.0	71928.0	77023.0	85299.0	88878.0	104604.0	220472.0	267889.0	3511652.0	26931741.0
B_2_36_2	52176.0	65486.0	65343.0	64690.0	66264.0	67240.0	68066.0	77486.0	68132.0	64978.0	63093.0	67605.0	69498.0	73128.0	76757.0	81307.0	89625.0	104277.0	111542.0	124091.0	248824.0	298939.0	4297054.0	26044873.0
B_2_38_1	78578.0	100082.0	100587.0	103958.0	105125.0	107744.0	106507.0	116491.0	120925.0	113854.0	115958.0	111477.0	110062.0	108967.0	108457.0	109116.0	118327.0	129804.0	137606.0	155610.0	268782.0	311537.0	4019571.0	28153697.0
B_2_38_2	75220.0	94813.0	94739.0	94095.0	97787.0	100220.0	103480.0	124135.0	99552.0	96340.0	93785.0	99331.0	101428.0	107429.0	114243.0	121082.0	133408.0	155036.0	166360.0	180723.0	305399.0	353103.0	5160316.0	26940798.0
B_2_39_1	59921.0	75401.0	77513.0	79658.0	81225.0	82267.0	82262.0	82423.0	84117.0	86717.0	94607.0	100747.0	100154.0	84859.0	84677.0	85655.0	90299.0	101553.0	110287.0	168000.0	557822.0	663815.0	4153447.0	25959122.0
B_2_39_2	55776.0	71278.0	71258.0	70981.0	73995.0	75309.0	88424.0	100204.0	76991.0	75692.0	73932.0	78621.0	81738.0	88556.0	96852.0	104071.0	118605.0	142052.0	157414.0	216811.0	639433.0	765071.0	5357827.0	24465657.0
B_2_3_1	58727.0	74370.0	74565.0	76554.0	76073.0	76649.0	75884.0	80289.0	81815.0	76371.0	77983.0	78787.0	77043.0	77782.0	77216.0	77355.0	84579.0	95053.0	101332.0	114119.0	181334.0	211601.0	3981301.0	28904256.0
B_2_3_2	64547.0	82208.0	80466.0	79612.0	81717.0	83137.0	81086.0	81034.0	77927.0	77387.0	73661.0	78021.0	80679.0	85944.0	91308.0	97240.0	108576.0	127822.0	137613.0	144895.0	220205.0	252602.0	5007593.0	27595758.0
B_2_40_1	79309.0	98771.0	98716.0	98680.0	99065.0	99923.0	99140.0	98793.0	100478.0	100834.0	102391.0	103410.0	101629.0	101119.0	99033.0	98341.0	105887.0	118015.0	124295.0	169325.0	568710.0	698307.0	4508133.0	29801848.0
B_2_40_2	60043.0	75439.0	74967.0	74511.0	77579.0	79419.0	79051.0	77863.0	75879.0	75898.0	73157.0	77185.0	79488.0	86115.0	91045.0	97706.0	109883.0	128904.0	143091.0	185765.0	611395.0	756663.0	5121702.0	29361404.0
B_2_41_1	55840.0	71055.0	70360.0	71065.0	71908.0	72781.0	72263.0	72833.0	74941.0	74103.0	75659.0	74126.0	73359.0	73311.0	72251.0	72338.0	79233.0	88894.0	95605.0	112868.0	217737.0	249542.0	3452956.0	23536538.0
B_2_41_2	50687.0	63806.0	63890.0	62395.0	64415.0	64768.0	64720.0	69342.0	63561.0	62864.0	60713.0	64067.0	66347.0	71289.0	75762.0	81461.0	91244.0	107300.0	117756.0	131852.0	248559.0	284144.0	4050061.0	22900563.0
B_2_42_1	72491.0	91117.0	91393.0	92701.0	93401.0	95466.0	99325.0	98549.0	98224.0	98478.0	99211.0	101600.0	98709.0	99494.0	97890.0	100817.0	108381.0	121258.0	130100.0	169176.0	492113.0	592666.0	4590519.0	31330724.0
B_2_42_2	64828.0	81527.0	81154.0	80262.0	82665.0	84293.0	84346.0	98336.0	84681.0	82891.0	79718.0	86037.0	87896.0	94911.0	99081.0	104922.0	117838.0	137164.0	149723.0	184958.0	524682.0	633726.0	5386069.0	30552095.0
B_2_4_1	49472.0	61844.0	62153.0	63471.0	64745.0	63855.0	64497.0	65485.0	66349.0	66049.0	67051.0	67820.0	66481.0	66957.0	65895.0	66886.0	72442.0	81796.0	87578.0	104907.0	208351.0	243488.0	3524783.0	25519346.0
B_2_4_2	53035.0	67770.0	67325.0	66849.0	69282.0	70393.0	68994.0	70298.0	68031.0	67717.0	65176.0	68961.0	72202.0	77542.0	82996.0	88568.0	99004.0	118991.0	128482.0	142601.0	257240.0	298110.0	4522058.0	24180076.0
B_2_5_1	67157.0	84359.0	84332.0	86455.0	87198.0	87755.0	87779.0	93441.0	95969.0	91885.0	91008.0	91475.0	90151.0	90738.0	89863.0	90115.0	99658.0	112113.0	119964.0	143643.0	278051.0	324608.0	4707635.0	34192018.0
B_2_5_2	81825.0	103406.0	102277.0	100560.0	103021.0	108279.0	106468.0	101256.0	98544.0	98199.0	94610.0	99580.0	103580.0	110655.0	119200.0	127666.0	144437.0	172714.0	188287.0	207979.0	355735.0	408672.0	6204076.0	32046344.0
B_2_6_1	66096.0	82542.0	83552.0	85615.0	85378.0	86001.0	86518.0	89699.0	90533.0	87275.0	87878.0	88595.0	87705.0	88473.0	87852.0	88077.0	96604.0	108658.0	116552.0	139569.0	271210.0	316888.0	4585109.0	33245893.0
B_2_6_2	87155.0	110543.0	108462.0	106684.0	109046.0	110383.0	106968.0	106471.0	102008.0	103198.0	98672.0	103255.0	106321.0	113848.0	122193.0	130707.0	145247.0	173080.0	187738.0	205001.0	349976.0	399591.0	6045074.0	31020651.0
B_2_8_1	67339.0	83839.0	84457.0	86818.0	86515.0	87507.0	86520.0	89931.0	92012.0	88506.0	89209.0	89630.0	89683.0	89051.0	89935.0	90860.0	99681.0	112436.0	119069.0	136223.0	229332.0	270147.0	4338981.0	30403332.0
B_2_8_2	70976.0	89408.0	88682.0	86327.0	88800.0	89970.0	88013.0	88051.0	85615.0	85300.0	82470.0	87241.0	88849.0	96510.0	102254.0	108853.0	122016.0	143082.0	154643.0	165200.0	272288.0	313605.0	5323861.0	29178999.0
B_2_9_1	58174.0	73354.0	73555.0	75451.0	75367.0	76483.0	76924.0	80527.0	81393.0	78381.0	79487.0	79683.0	77881.0	79586.0	78531.0	79073.0	86544.0	97988.0	105141.0	120550.0	200280.0	235371.0	4158136.0	30584675.0
B_2_9_2	75469.0	95731.0	94379.0	92314.0	95160.0	96260.0	96414.0	97768.0	92129.0	91325.0	87712.0	92241.0	94895.0	102326.0	107753.0	114160.0	127667.0	151302.0	162604.0	171339.0	261269.0	297002.0	5428911.0	28686405.0
B_3_10_1	58492.0	73334.0	73261.0	74568.0	75814.0	75487.0	75065.0	76436.0	77979.0	78220.0	79678.0	81302.0	79035.0	78185.0	76466.0	77395.0	84008.0	94232.0	101078.0	124236.0	290713.0	354497.0	3894980.0	27547243.0
B_3_10_2	50959.0	65112.0	65246.0	64152.0	66743.0	68598.0	67454.0	68151.0	66429.0	66190.0	63712.0	68200.0	71857.0	75150.0	80109.0	85205.0	95735.0	113217.0	122230.0	142810.0	320082.0	388033.0	4821177.0	26605153.0
B_3_11_1	93947.0	100854.0	99119.0	98733.0	99523.0	94213.0	92927.0	94143.0	95753.0	101025.0	101774.0	105931.0	100332.0	98204.0	94454.0	95248.0	98005.0	101128.0	99840.0	115407.0	217784.0	260684.0	4679073.0	49094585.0
B_3_11_2	97795.0	115534.0	112389.0	107486.0	108535.0	116312.0	109399.0	107888.0	104742.0	108512.0	109633.0	111057.0	114143.0	116881.0	119117.0	121350.0	126351.0	130823.0	139940.0	164137.0	274104.0	324388.0	7642324.0	45649846.0
B_3_12_1	58348.0	72768.0	72763.0	73186.0	72754.0	71238.0	72008.0	70680.0	69762.0	73228.0	74097.0	81113.0	70848.0	66391.0	67079.0	66111.0	68357.0	71072.0	69214.0	80742.0	253130.0	308806.0	2952103.0	34172356.0
B_3_12_2	41324.0	49874.0	49035.0	47941.0	47773.0	47803.0	49265.0	57730.0	49264.0	49500.0	54746.0	51143.0	50246.0	52067.0	51775.0	52985.0	56680.0	58241.0	60820.0	74996.0	255321.0	317185.0	4089185.0	33393255.0
B_3_13_1	70729.0	87445.0	87005.0	87442.0	86544.0	85237.0	85358.0	86132.0	87901.0	94320.0	88433.0	87637.0	83180.0	78787.0	79752.0	78778.0	81257.0	82205.0	82314.0	92305.0	269643.0	324879.0	3164819.0	37776061.0
B_3_13_2	47141.0	56858.0	55248.0	54835.0	55425.0	56397.0	60274.0	67092.0	56051.0	56051.0	59714.0	57498.0	56412.0	57927.0	58220.0	59345.0	63549.0	65300.0	68161.0	82322.0	269345.0	329599.0	4229310.0	37206089.0
B_3_14_1	60181.0	73851.0	74028.0	74527.0	73847.0	72612.0	72114.0	73502.0	75450.0	78646.0	74466.0	72921.0	69691.0	67602.0	68518.0	68550.0	71377.0	73389.0	75245.0	87463.0	269525.0	310329.0	2967811.0	36650410.0
B_3_14_2	44724.0	54637.0	53759.0	52904.0	52621.0	52393.0	61592.0	63655.0	52839.0	52010.0	54295.0	55371.0	54812.0	57111.0	58899.0	61473.0	67353.0	73071.0	78321.0	97997.0	291174.0	341591.0	4346602.0	35476851.0
B_3_15_1	66880.0	82653.0	81111.0	84590.0	83481.0	81739.0	89122.0	165181.0	200978.0	286694.0	264661.0	190125.0	130411.0	88567.0	96522.0	110345.0	100983.0	100693.0	111989.0	104780.0	136202.0	156267.0	4629357.0	38118135.0
B_3_15_2	87178.0	106194.0	117008.0	116024.0	107960.0	107177.0	140355.0	464974.0	256516.0	121482.0	230010.0	157001.0	148614.0	202912.0	149482.0	163168.0	170119.0	172468.0	185644.0	181421.0	247321.0	300888.0	7338227.0	34289323.0
B_3_16_1	58692.0	73148.0	73208.0	73597.0	73212.0	71835.0	71543.0	71034.0	71711.0	73649.0	71248.0	71593.0	69186.0	66365.0	67276.0	65602.0	68652.0	70410.0	70157.0	81077.0	260213.0	308406.0	2909281.0	35872129.0
B_3_16_2	43755.0	52325.0	51966.0	50927.0	50582.0	51253.0	55224.0	54610.0	50909.0	50627.0	51869.0	53166.0	51674.0	52833.0	55407.0	57355.0	62117.0	65624.0	69148.0	85854.0	275338.0	332335.0	4213353.0	34824973.0
B_3_17_1	59045.0	73490.0	73460.0	74192.0	73339.0	71887.0	72255.0	72510.0	72944.0	76397.0	73484.0	73067.0	69800.0	67316.0	67733.0	67608.0	69133.0	70334.0	71183.0	81016.0	258814.0	311037.0	2885389.0	35334932.0
B_3_17_2	40858.0	49510.0	48291.0	48107.0	47651.0	51035.0	48566.0	53678.0	48351.0	48978.0	52524.0	51250.0	49466.0	51261.0	52884.0	53923.0	57967.0	60653.0	63839.0	78917.0	265505.0	324885.0	4042742.0	34529524.0
B_3_18_1	63905.0	79779.0	80075.0	80590.0	79790.0	79346.0	79521.0	80384.0	83509.0	82400.0	77558.0	75881.0	74035.0	72822.0	75140.0	73402.0	75068.0	77252.0	77003.0	87567.0	253739.0	303813.0	3164513.0	40057744.0
B_3_18_2	51370.0	61199.0	60604.0	59926.0	58899.0	61241.0	67904.0	61918.0	58631.0	58831.0	60142.0	62444.0	60614.0	61114.0	63853.0	65466.0	69888.0	73206.0	76783.0	93555.0	266866.0	325395.0	4627827.0	38827160.0
B_3_19_1	64527.0	80906.0	80775.0	81369.0	79701.0	79243.0	79505.0	86468.0	93537.0	79229.0	76980.0	76200.0	75736.0	74557.0	76615.0	74127.0	77100.0	79673.0	81926.0	100912.0	389592.0	471467.0	2976319.0	34285422.0
B_3_19_2	51083.0	61401.0	59518.0	58461.0	58276.0	57826.0	61855.0	66968.0	59270.0	57295.0	58735.0	62932.0	62954.0	59982.0	61799.0	62684.0	67153.0	69769.0	73983.0	96449.0	390863.0	476069.0	4454173.0	33132388.0
B_3_20_1	69924.0	87128.0	86811.0	87661.0	86437.0	85267.0	85887.0	87012.0	89808.0	90804.0	86682.0	84411.0	83160.0	80279.0	81702.0	80472.0	82867.0	84598.0	84939.0	100429.0	323473.0	392439.0	3332211.0	40138512.0
B_3_20_2	56437.0	68222.0	66102.0	65428.0	64943.0	74742.0	69885.0	68955.0	65087.0	64682.0	66533.0	68645.0	66455.0	68163.0	70213.0	72544.0	78519.0	81977.0	88150.0	112183.0	346792.0	426295.0	5044938.0	38637023.0
B_3_21_1	63003.0	78521.0	79184.0	79964.0	79542.0	78412.0	79384.0	77493.0	77367.0	81355.0	81204.0	86287.0	77282.0	74341.0	74740.0	74663.0	76906.0	79699.0	78252.0	93776.0	368376.0	444538.0	3157607.0	37611512.0
B_3_21_2	48041.0	57467.0	56558.0	55598.0	55853.0	57365.0	56007.0	63575.0	56517.0	54401.0	56079.0	61562.0	59375.0	58270.0	59388.0	60237.0	64785.0	68292.0	71389.0	91610.0	375176.0	460166.0	4508620.0	36597077.0
B_3_22_1	54337.0	68185.0	69017.0	68667.0	69204.0	67973.0	68524.0	67341.0	66943.0	69651.0	69484.0	76471.0	66668.0	62779.0	63558.0	62472.0	64095.0	66748.0	65099.0	71618.0	174462.0	205616.0	2824678.0	36598083.0
B_3_22_2	47339.0	57855.0	55803.0	55926.0	56235.0	68207.0	57262.0	57375.0	54708.0	55485.0	56518.0	59190.0	56295.0	58256.0	60279.0	61733.0	66630.0	70108.0	72863.0	85068.0	195336.0	233945.0	4407378.0	35091879.0
B_3_23_1	58386.0	73647.0	72804.0	73819.0	73100.0	73001.0	73257.0	76150.0	81127.0	76397.0	71648.0	70033.0	68380.0	67663.0	69084.0	68138.0	69816.0	71830.0	71770.0	80034.0	200063.0	234160.0	2976833.0	37949721.0
B_3_23_2	55476.0	66782.0	65114.0	64124.0	63584.0	70416.0	68595.0	67925.0	61628.0	61778.0	63538.0	65473.0	62868.0	64900.0	66753.0	68403.0	72597.0	76186.0	79460.0	91115.0	219026.0	260166.0	4710618.0	36254336.0
B_3_24_1	50662.0	63244.0	64097.0	64017.0	63248.0	62711.0	63871.0	70602.0	70133.0	60578.0	60486.0	60488.0	60189.0	58580.0	59522.0	58438.0	60381.0	61859.0	62375.0	68735.0	152766.0	180498.0	2578385.0	32866925.0
B_3_24_2	42156.0	50364.0	49895.0	49765.0	48711.0	49301.0	51713.0	56034.0	49724.0	50062.0	52156.0	52632.0	50483.0	51392.0	53139.0	53964.0	57100.0	59175.0	61739.0	69724.0	157932.0	187684.0	3829637.0	31788308.0
B_3_25_1	63418.0	78616.0	79655.0	80395.0	79977.0	80302.0	79216.0	79403.0	80787.0	85797.0	81623.0	82488.0	77880.0	75210.0	75075.0	75107.0	77251.0	78093.0	77988.0	85382.0	229472.0	275939.0	2728070.0	32947557.0
B_3_25_2	41208.0	49000.0	48199.0	47664.0	48481.0	49944.0	54155.0	59826.0	49980.0	48417.0	49704.0	51636.0	50076.0	51701.0	52301.0	53223.0	56395.0	58433.0	60621.0	72058.0	225183.0	276018.0	3590668.0	32609810.0
B_3_26_1	55547.0	69178.0	69531.0	69249.0	68465.0	68606.0	68008.0	68125.0	70704.0	70099.0	66806.0	65663.0	65022.0	63151.0	63970.0	63387.0	65112.0	65855.0	66446.0	72582.0	183625.0	219567.0	2635084.0	33039178.0
B_3_26_2	44744.0	53565.0	52096.0	50834.0	50892.0	51207.0	53655.0	54877.0	50320.0	50639.0	52268.0	52717.0	51017.0	52760.0	53614.0	54555.0	58393.0	59994.0	62525.0	72057.0	189032.0	228586.0	3822576.0	32090037.0
B_3_27_1	63328.0	78574.0	78652.0	79109.0	77683.0	77411.0	77207.0	80389.0	87268.0	80023.0	76589.0	73711.0	73108.0	71679.0	73924.0	73373.0	76386.0	78893.0	80992.0	97550.0	353560.0	416716.0	3076118.0	36384120.0
B_3_27_2	48896.0	58719.0	57157.0	56656.0	56097.0	55552.0	55766.0	62527.0	57824.0	57939.0	65789.0	60515.0	57923.0	59863.0	60212.0	61821.0	66940.0	69745.0	74503.0	95277.0	360240.0	429743.0	4414216.0	35342443.0
B_3_28_1	54590.0	67897.0	68408.0	68578.0	67968.0	67715.0	67964.0	68022.0	68022.0	69645.0	67824.0	66907.0	64419.0	63348.0	63506.0	62688.0	64737.0	66124.0	66246.0	72485.0	178015.0	210168.0	2711803.0	34089656.0
B_3_28_2	40922.0	49659.0	48671.0	47874.0	48043.0	47802.0	48089.0	52040.0	48601.0	48823.0	51903.0	50497.0	48734.0	49813.0	50521.0	51216.0	54434.0	55613.0	57664.0	65933.0	176738.0	213453.0	3777069.0	33332623.0
B_3_29_1	66538.0	81053.0	81628.0	82470.0	81154.0	79755.0	80202.0	78308.0	78323.0	81075.0	80038.0	79983.0	78693.0	74372.0	75824.0	74975.0	77307.0	78260.0	78094.0	95380.0	408599.0	511604.0	3121547.0	36117237.0
B_3_29_2	44828.0	53635.0	52371.0	51741.0	51948.0	57260.0	54559.0	53226.0	51592.0	52108.0	53102.0	55781.0	53198.0	54594.0	58376.0	59872.0	65018.0	68735.0	74407.0	100061.0	429175.0	548702.0	4393965.0	35204165.0
B_3_30_1	53792.0	66813.0	66832.0	67274.0	67361.0	66305.0	66793.0	66326.0	66643.0	69004.0	67393.0	66196.0	64554.0	61277.0	62223.0	61563.0	63462.0	64542.0	64994.0	72362.0	185326.0	220561.0	2647278.0	33921921.0
B_3_30_2	43671.0	52169.0	51706.0	51106.0	50620.0	51027.0	53098.0	58462.0	50677.0	50422.0	52040.0	53049.0	51057.0	52366.0	53840.0	55301.0	58252.0	61376.0	63871.0	73467.0	193456.0	232113.0	3813089.0	32954560.0
B_3_31_1	72594.0	90979.0	92032.0	92887.0	92705.0	93354.0	92748.0	94702.0	95044.0	92267.0	90675.0	89742.0	89461.0	87641.0	88761.0	87147.0	89705.0	90139.0	91138.0	97156.0	196789.0	234333.0	3022490.0	36694624.0
B_3_31_2	52283.0	62569.0	60979.0	60485.0	62886.0	66264.0	65203.0	62775.0	62522.0	62768.0	63726.0	65897.0	65153.0	65389.0	67719.0	68486.0	72437.0	74292.0	76690.0	85432.0	191965.0	233711.0	4277284.0	35932198.0
B_3_32_1	72075.0	90432.0	91003.0	91022.0	91213.0	91677.0	92832.0	90355.0	89975.0	92892.0	91861.0	91970.0	88735.0	84627.0	84919.0	84539.0	86501.0	88514.0	87173.0	91625.0	161328.0	186396.0	3407660.0	41875068.0
B_3_32_2	57090.0	68735.0	66791.0	66443.0	67491.0	75056.0	71520.0	66889.0	66405.0	66371.0	67823.0	69992.0	67877.0	68212.0	71648.0	73335.0	77322.0	79978.0	83093.0	91195.0	167749.0	197250.0	4878780.0	40737347.0
B_3_33_1	56348.0	70151.0	70013.0	70364.0	69318.0	68454.0	69389.0	68882.0	70078.0	72537.0	69719.0	67701.0	66282.0	63703.0	64494.0	63846.0	65174.0	66151.0	66499.0	74315.0	206987.0	249704.0	2523067.0	30566004.0
B_3_33_2	43222.0	52536.0	50319.0	49784.0	49483.0	58104.0	52619.0	51169.0	49038.0	48589.0	50019.0	51426.0	49702.0	50842.0	52551.0	53310.0	57153.0	59480.0	62325.0	74016.0	214608.0	265103.0	3653266.0	29700516.0
B_3_34_1	57815.0	72563.0	72519.0	73001.0	72767.0	72188.0	72171.0	73226.0	71818.0	72358.0	71208.0	69671.0	68910.0	67524.0	68124.0	67341.0	69149.0	70084.0	70820.0	81679.0	262478.0	324166.0	2764698.0	33815243.0
B_3_34_2	45454.0	54604.0	53522.0	52435.0	53616.0	58232.0	54643.0	53721.0	52043.0	51906.0	52873.0	54868.0	52545.0	53286.0	56276.0	57674.0	60739.0	63662.0	67591.0	82949.0	273312.0	342984.0	4032555.0	32800031.0
B_3_35_1	51381.0	62862.0	63696.0	63804.0	63643.0	63774.0	63243.0	62192.0	64523.0	66337.0	63172.0	61772.0	60149.0	58299.0	59633.0	59007.0	62061.0	61821.0	61416.0	67283.0	158668.0	189251.0	2519165.0	31969822.0
B_3_35_2	45192.0	53760.0	53181.0	52002.0	51891.0	52189.0	55213.0	56351.0	50796.0	50364.0	51236.0	52510.0	51027.0	52122.0	53669.0	54520.0	57853.0	59594.0	61843.0	70439.0	167667.0	204042.0	3897894.0	30721619.0
B_3_36_1	60630.0	74994.0	76259.0	75858.0	75533.0	74874.0	75516.0	74861.0	73756.0	78391.0	76747.0	79776.0	74388.0	70321.0	71185.0	69821.0	71422.0	73488.0	73132.0	90179.0	367238.0	455941.0	2814151.0	32717864.0
B_3_36_2	40644.0	48961.0	48619.0	47753.0	47923.0	48612.0	55651.0	62612.0	48342.0	47696.0	49159.0	51245.0	49375.0	49881.0	51683.0	53008.0	56351.0	59161.0	62035.0	81760.0	371728.0	472181.0	3832008.0	32109937.0
B_3_38_1	75776.0	93610.0	94197.0	94859.0	93874.0	95172.0	94568.0	103528.0	121652.0	101032.0	95986.0	93975.0	96399.0	96643.0	101442.0	103085.0	105366.0	110852.0	117200.0	161660.0	582702.0	688016.0	3150665.0	25584453.0
B_3_38_2	57108.0	69658.0	69544.0	68930.0	70626.0	69333.0	88067.0	88930.0	73907.0	73108.0	77453.0	78446.0	81590.0	85073.0	87977.0	94081.0	101868.0	113926.0	128651.0	175346.0	611441.0	741160.0	4069433.0	24881056.0
B_3_39_1	62565.0	78527.0	78279.0	78819.0	78549.0	78529.0	77923.0	76659.0	76806.0	78630.0	77551.0	77834.0	76286.0	73557.0	74515.0	73586.0	75687.0	77886.0	77573.0	87890.0	237549.0	278983.0	2966300.0	36581588.0
B_3_39_2	54851.0	65084.0	63750.0	62660.0	63329.0	66126.0	65049.0	61152.0	61113.0	61770.0	61898.0	64359.0	62769.0	64402.0	67421.0	68805.0	74819.0	78261.0	83273.0	99847.0	261923.0	313378.0	4609139.0	35066893.0
B_3_3_1	54523.0	68461.0	68422.0	70232.0	70463.0	70849.0	71001.0	71927.0	73412.0	73241.0	75147.0	77086.0	74862.0	74395.0	73203.0	73827.0	80076.0	90387.0	96406.0	122620.0	334470.0	408006.0	3638524.0	25035645.0
B_3_3_2	49371.0	62387.0	62775.0	62134.0	63719.0	64318.0	64205.0	68336.0	63122.0	63425.0	60672.0	64573.0	66627.0	72047.0	76088.0	80364.0	90852.0	106930.0	116515.0	141673.0	366990.0	449470.0	4486889.0	24143703.0
B_3_40_1	62726.0	78727.0	79394.0	79823.0	80027.0	78954.0	79739.0	78559.0	80108.0	81007.0	79079.0	78086.0	77100.0	74953.0	75808.0	75547.0	77652.0	79359.0	79827.0	94488.0	314378.0	379784.0	3024348.0	36252470.0
B_3_40_2	51144.0	60681.0	59596.0	58637.0	58722.0	61779.0	61657.0	60522.0	58919.0	57998.0	59089.0	61245.0	59978.0	60218.0	62753.0	64260.0	68584.0	71526.0	75935.0	95967.0	327107.0	401753.0	4500852.0	35043021.0
B_3_41_1	61102.0	75098.0	75999.0	76608.0	76865.0	75704.0	76780.0	77068.0	77824.0	85718.0	83669.0	85102.0	79795.0	71487.0	73181.0	73679.0	75657.0	78572.0	79142.0	93567.0	271556.0	314097.0	3035766.0	36041946.0
B_3_41_2	53103.0	63355.0	62743.0	61905.0	62303.0	63174.0	68341.0	85191.0	64813.0	63244.0	66296.0	65849.0	63980.0	66755.0	68890.0	71942.0	78295.0	83323.0	90541.0	109585.0	299368.0	351102.0	4709279.0	34442605.0
B_3_42_1	74618.0	93070.0	93216.0	93622.0	93224.0	93107.0	92589.0	91280.0	90194.0	94058.0	93738.0	98099.0	92051.0	87805.0	88195.0	87760.0	90025.0	92288.0	92694.0	106107.0	311207.0	362012.0	3622674.0	43102556.0
B_3_42_2	55441.0	66657.0	66330.0	64806.0	65548.0	64662.0	66315.0	66209.0	64527.0	64932.0	65410.0	68813.0	66878.0	67262.0	69042.0	70752.0	74985.0	77718.0	80628.0	96554.0	310999.0	365567.0	5292952.0	41883202.0
B_3_4_1	63871.0	80052.0	79672.0	80832.0	81655.0	81452.0	81382.0	84406.0	88021.0	83828.0	83509.0	83994.0	84148.0	84255.0	84118.0	84897.0	91440.0	102516.0	109523.0	149186.0	450308.0	549845.0	4213548.0	28365334.0
B_3_4_2	62829.0	80057.0	79219.0	77929.0	80093.0	84641.0	80320.0	79555.0	77692.0	77579.0	74454.0	79499.0	82475.0	88445.0	94218.0	100937.0	114159.0	135989.0	150438.0	188008.0	506736.0	617076.0	5192454.0	27136990.0
B_3_5_1	65607.0	81838.0	81182.0	82990.0	83174.0	83065.0	83091.0	84543.0	86279.0	87162.0	87000.0	87891.0	85194.0	84859.0	83116.0	84126.0	89886.0	100060.0	106873.0	140073.0	382740.0	466603.0	4048187.0	27546908.0
B_3_5_2	50929.0	64595.0	63546.0	63034.0	64990.0	67569.0	67896.0	69789.0	65272.0	64991.0	62986.0	65792.0	68946.0	74702.0	79141.0	84963.0	95038.0	112736.0	123194.0	155117.0	414975.0	504473.0	4647053.0	27080720.0
B_3_6_1	80138.0	98918.0	98565.0	100176.0	101362.0	101651.0	101475.0	102293.0	103577.0	102202.0	103121.0	108628.0	103058.0	102636.0	101218.0	101295.0	109160.0	122560.0	128698.0	160850.0	402454.0	495236.0	4827022.0	33567427.0
B_3_6_2	73872.0	93423.0	93173.0	91564.0	93880.0	94818.0	93672.0	95414.0	91119.0	91572.0	88360.0	91309.0	95032.0	102259.0	107681.0	114685.0	127742.0	149440.0	161995.0	189091.0	446691.0	547470.0	5806954.0	32482504.0
B_3_8_1	64680.0	81580.0	81355.0	82887.0	82949.0	83560.0	84100.0	86061.0	86055.0	86989.0	88684.0	95354.0	87838.0	87625.0	85971.0	86112.0	93262.0	105299.0	111352.0	131445.0	257194.0	307330.0	4400247.0	31943726.0
B_3_8_2	76731.0	97615.0	96138.0	95189.0	97238.0	98955.0	101741.0	102297.0	93344.0	93112.0	89925.0	94113.0	97980.0	104886.0	110103.0	116987.0	129997.0	153293.0	166034.0	181057.0	317538.0	373428.0	5714303.0	30099651.0
B_3_9_1	60386.0	75006.0	74639.0	76853.0	76696.0	76962.0	76362.0	88899.0	100803.0	78688.0	78116.0	78623.0	76762.0	78704.0	80722.0	76930.0	84122.0	93241.0	99954.0	112169.0	181213.0	212532.0	3996772.0	29156514.0
B_3_9_2	60981.0	77067.0	76070.0	73792.0	76417.0	88352.0	84934.0	80332.0	74116.0	72472.0	69811.0	76912.0	80609.0	83118.0	87238.0	92170.0	103364.0	122834.0	132446.0	138769.0	214866.0	248321.0	4858851.0	28117826.0
re_B_1_34_1	51335.0	64413.0	64265.0	61047.0	61109.0	61911.0	61797.0	64135.0	75432.0	68843.0	62184.0	60544.0	64586.0	94313.0	144156.0	121964.0	70446.0	72116.0	77309.0	92034.0	187258.0	209368.0	2292421.0	21009140.0
re_B_1_34_2	39220.0	47338.0	45996.0	45861.0	45314.0	44504.0	45103.0	46902.0	46269.0	46830.0	50155.0	52243.0	68676.0	55597.0	52597.0	54809.0	61076.0	69412.0	168264.0	124724.0	176867.0	204404.0	2954051.0	20645914.0
