	24.0	25.0	26.0	27.0	28.0	29.0	30.0	31.0	32.0	33.0	34.0	35.0	36.0	37.0
BR_1_13_1	1.0	9.0	90.0	982.0	5767.0	24945.0	77335.0	183378.0	347453.0	602572.0	1061099.0	2694302.0	20848917.0	2517368.0
	24.0	25.0	26.0	27.0	28.0	29.0	30.0	31.0	32.0	33.0	34.0	35.0	36.0	37.0
BR_1_13_2	4.0	43.0	317.0	1751.0	7110.0	22122.0	57391.0	134421.0	286646.0	623934.0	1506007.0	4973102.0	19595136.0	1156234.0
	25.0	26.0	27.0	28.0	29.0	30.0	31.0	32.0	33.0	34.0	35.0	36.0	37.0
BR_1_19_1	20.0	214.0	2050.0	11338.0	48105.0	141035.0	330636.0	614229.0	1034983.0	1711719.0	3630739.0	22993027.0	3038034.0
	24.0	25.0	26.0	27.0	28.0	29.0	30.0	31.0	32.0	33.0	34.0	35.0	36.0	37.0
BR_1_19_2	22.0	177.0	1342.0	6914.0	23867.0	69146.0	162464.0	344376.0	648142.0	1184918.0	2323103.0	6351948.0	21343765.0	1095945.0
	25.0	26.0	27.0	28.0	29.0	30.0	31.0	32.0	33.0	34.0	35.0	36.0	37.0
BR_1_25_1	13.0	156.0	1486.0	8654.0	36142.0	107467.0	257070.0	487154.0	841329.0	1433930.0	3446337.0	24439477.0	2960700.0
	23.0	24.0	25.0	26.0	27.0	28.0	29.0	30.0	31.0	32.0	33.0	34.0	35.0	36.0	37.0
BR_1_25_2	1.0	9.0	57.0	481.0	2656.0	10191.0	32445.0	83290.0	194397.0	414778.0	891712.0	2025606.0	6073614.0	22924130.0	1366548.0
	24.0	25.0	26.0	27.0	28.0	29.0	30.0	31.0	32.0	33.0	34.0	35.0	36.0	37.0
BR_1_31_1	1.0	11.0	134.0	1159.0	6872.0	28818.0	87816.0	208678.0	394917.0	683410.0	1214138.0	3040073.0	21700022.0	2728146.0
	24.0	25.0	26.0	27.0	28.0	29.0	30.0	31.0	32.0	33.0	34.0	35.0	36.0	37.0
BR_1_31_2	5.0	62.0	492.0	2791.0	11048.0	34252.0	86163.0	197979.0	418720.0	906061.0	2105126.0	6268665.0	19219988.0	842843.0
	25.0	26.0	27.0	28.0	29.0	30.0	31.0	32.0	33.0	34.0	35.0	36.0	37.0
BR_1_35_1	16.0	154.0	1402.0	7673.0	31974.0	95364.0	220113.0	405434.0	689815.0	1219370.0	3087705.0	22578765.0	2720000.0
	23.0	24.0	25.0	26.0	27.0	28.0	29.0	30.0	31.0	32.0	33.0	34.0	35.0	36.0	37.0
BR_1_35_2	1.0	3.0	38.0	426.0	2367.0	8925.0	28455.0	71480.0	165665.0	349491.0	757574.0	1762501.0	5407214.0	21227421.0	1276224.0
	25.0	26.0	27.0	28.0	29.0	30.0	31.0	32.0	33.0	34.0	35.0	36.0	37.0
BR_1_8_1	9.0	112.0	1350.0	7290.0	30636.0	92257.0	215036.0	402763.0	693807.0	1242575.0	3234544.0	23175290.0	2638771.0
	23.0	24.0	25.0	26.0	27.0	28.0	29.0	30.0	31.0	32.0	33.0	34.0	35.0	36.0	37.0
BR_1_8_2	2.0	8.0	68.0	492.0	2967.0	10805.0	33234.0	82515.0	187700.0	398149.0	867133.0	2028392.0	6172937.0	20924348.0	1025690.0
	25.0	26.0	27.0	28.0	29.0	30.0	31.0	32.0	33.0	34.0	35.0	36.0	37.0
BR_2_13_1	20.0	267.0	2563.0	14324.0	59540.0	173458.0	401086.0	742305.0	1240732.0	2049818.0	4357499.0	27335569.0	3673582.0
	24.0	25.0	26.0	27.0	28.0	29.0	30.0	31.0	32.0	33.0	34.0	35.0	36.0	37.0
BR_2_13_2	2.0	186.0	1297.0	6745.0	24514.0	70445.0	168983.0	364982.0	698957.0	1292232.0	2540377.0	6977502.0	26381130.0	1523411.0
	24.0	25.0	26.0	27.0	28.0	29.0	30.0	31.0	32.0	33.0	34.0	35.0	36.0	37.0
BR_2_19_1	1.0	8.0	162.0	1518.0	8449.0	33394.0	96420.0	223291.0	417330.0	718207.0	1260706.0	3231740.0	25311008.0	2995836.0
	23.0	24.0	25.0	26.0	27.0	28.0	29.0	30.0	31.0	32.0	33.0	34.0	35.0	36.0	37.0
BR_2_19_2	1.0	8.0	56.0	506.0	2655.0	10071.0	31542.0	80045.0	184463.0	382727.0	813547.0	1931196.0	6417361.0	23275319.0	1168573.0
	24.0	25.0	26.0	27.0	28.0	29.0	30.0	31.0	32.0	33.0	34.0	35.0	36.0	37.0
BR_2_25_1	2.0	10.0	154.0	1465.0	7893.0	33388.0	101855.0	244711.0	474940.0	849342.0	1551128.0	3981959.0	23411482.0	2328014.0
	23.0	24.0	25.0	26.0	27.0	28.0	29.0	30.0	31.0	32.0	33.0	34.0	35.0	36.0	37.0
BR_2_25_2	1.0	8.0	45.0	406.0	2427.0	9590.0	30485.0	80296.0	196307.0	439795.0	991015.0	2310650.0	6691210.0	21198485.0	1035623.0
	25.0	26.0	27.0	28.0	29.0	30.0	31.0	32.0	33.0	34.0	35.0	36.0	37.0
BR_2_8_1	18.0	273.0	2661.0	14798.0	60180.0	173345.0	396334.0	720445.0	1191656.0	1950157.0	4118075.0	26128317.0	3543303.0
	24.0	25.0	26.0	27.0	28.0	29.0	30.0	31.0	32.0	33.0	34.0	35.0	36.0	37.0
BR_2_8_2	13.0	160.0	1217.0	6355.0	22458.0	65710.0	155511.0	336434.0	642121.0	1192243.0	2343707.0	6504184.0	25474053.0	1555396.0
	25.0	26.0	27.0	28.0	29.0	30.0	31.0	32.0	33.0	34.0	35.0	36.0	37.0
BR_3_13_1	18.0	216.0	2162.0	12487.0	51736.0	153343.0	356603.0	659094.0	1100659.0	1807007.0	3810990.0	23627576.0	3192789.0
	24.0	25.0	26.0	27.0	28.0	29.0	30.0	31.0	32.0	33.0	34.0	35.0	36.0	37.0
BR_3_13_2	9.0	176.0	1340.0	6865.0	23778.0	68722.0	162507.0	344002.0	649712.0	1193369.0	2333468.0	6339509.0	22331717.0	1319506.0
	25.0	26.0	27.0	28.0	29.0	30.0	31.0	32.0	33.0	34.0	35.0	36.0	37.0
BR_3_19_1	16.0	228.0	2136.0	12078.0	50611.0	148746.0	345325.0	641034.0	1068209.0	1752144.0	3681005.0	23032670.0	3150244.0
	24.0	25.0	26.0	27.0	28.0	29.0	30.0	31.0	32.0	33.0	34.0	35.0	36.0	37.0
BR_3_19_2	17.0	173.0	1164.0	5971.0	21065.0	62055.0	147966.0	318636.0	607115.0	1125410.0	2194888.0	5987884.0	22091951.0	1320151.0
	24.0	25.0	26.0	27.0	28.0	29.0	30.0	31.0	32.0	33.0	34.0	35.0	36.0	37.0
BR_3_25_1	2.0	18.0	222.0	1841.0	10801.0	44059.0	131661.0	307112.0	573143.0	961417.0	1573146.0	3317972.0	21245558.0	3046908.0
	24.0	25.0	26.0	27.0	28.0	29.0	30.0	31.0	32.0	33.0	34.0	35.0	36.0	37.0
BR_3_25_2	17.0	163.0	1168.0	5787.0	20195.0	58063.0	137717.0	294643.0	560607.0	1035859.0	2034663.0	5589504.0	20289582.0	1185892.0
	25.0	26.0	27.0	28.0	29.0	30.0	31.0	32.0	33.0	34.0	35.0	36.0	37.0
BR_3_31_1	12.0	153.0	1520.0	8999.0	38831.0	119647.0	289539.0	555612.0	954526.0	1574050.0	3283869.0	19842743.0	2719605.0
	23.0	24.0	25.0	26.0	27.0	28.0	29.0	30.0	31.0	32.0	33.0	34.0	35.0	36.0	37.0
BR_3_31_2	1.0	5.0	134.0	1132.0	5609.0	20120.0	58098.0	139268.0	300630.0	577081.0	1070376.0	2098225.0	5654113.0	18536059.0	928255.0
	25.0	26.0	27.0	28.0	29.0	30.0	31.0	32.0	33.0	34.0	35.0	36.0	37.0
BR_3_35_1	24.0	219.0	2030.0	11871.0	48968.0	144932.0	336447.0	621160.0	1035931.0	1703890.0	3612962.0	22791936.0	3050704.0
	24.0	25.0	26.0	27.0	28.0	29.0	30.0	31.0	32.0	33.0	34.0	35.0	36.0	37.0
BR_3_35_2	6.0	190.0	1261.0	6267.0	22836.0	65545.0	155842.0	334096.0	631647.0	1162016.0	2274299.0	6159314.0	21346543.0	1201212.0
	25.0	26.0	27.0	28.0	29.0	30.0	31.0	32.0	33.0	34.0	35.0	36.0	37.0
BR_3_8_1	13.0	191.0	1819.0	10608.0	44467.0	132373.0	308453.0	574065.0	963780.0	1590173.0	3357333.0	21558675.0	3033390.0
	24.0	25.0	26.0	27.0	28.0	29.0	30.0	31.0	32.0	33.0	34.0	35.0	36.0	37.0
BR_3_8_2	9.0	154.0	990.0	5232.0	18948.0	54525.0	131454.0	283942.0	545800.0	1013303.0	2001605.0	5499279.0	20796781.0	1223318.0
	25.0	26.0	27.0	28.0	29.0	30.0	31.0	32.0	33.0	34.0	35.0	36.0	37.0
B_1_10_1	15.0	163.0	1511.0	8660.0	34982.0	99692.0	222807.0	389811.0	616107.0	970000.0	2027433.0	22874542.0	5157858.0
	23.0	24.0	25.0	26.0	27.0	28.0	29.0	30.0	31.0	32.0	33.0	34.0	35.0	36.0	37.0
B_1_10_2	1.0	5.0	67.0	391.0	2158.0	7638.0	22974.0	56348.0	123718.0	237350.0	438006.0	850216.0	2683315.0	24492289.0	3489105.0
	25.0	26.0	27.0	28.0	29.0	30.0	31.0	32.0	33.0	34.0	35.0	36.0	37.0
B_1_11_1	16.0	213.0	1972.0	10895.0	44087.0	123860.0	275522.0	487746.0	785142.0	1265531.0	2683031.0	30253484.0	6795202.0
	24.0	25.0	26.0	27.0	28.0	29.0	30.0	31.0	32.0	33.0	34.0	35.0	36.0	37.0
B_1_11_2	11.0	85.0	613.0	2995.0	10748.0	32026.0	77809.0	168499.0	324957.0	602245.0	1184956.0	3740533.0	32430546.0	4150678.0
	24.0	25.0	26.0	27.0	28.0	29.0	30.0	31.0	32.0	33.0	34.0	35.0	36.0	37.0
B_1_12_1	2.0	11.0	131.0	1201.0	7082.0	29364.0	86998.0	202530.0	374937.0	622218.0	1018970.0	2181562.0	26577933.0	6244248.0
	24.0	25.0	26.0	27.0	28.0	29.0	30.0	31.0	32.0	33.0	34.0	35.0	36.0	37.0
B_1_12_2	5.0	71.0	549.0	2725.0	10203.0	30018.0	72759.0	158789.0	303856.0	560876.0	1110632.0	3656660.0	28545748.0	2894296.0
	24.0	25.0	26.0	27.0	28.0	29.0	30.0	31.0	32.0	33.0	34.0	35.0	36.0	37.0
B_1_13_1	1.0	8.0	107.0	1094.0	6084.0	25385.0	73914.0	169886.0	313383.0	522789.0	865933.0	1921064.0	21644590.0	4497389.0
	24.0	25.0	26.0	27.0	28.0	29.0	30.0	31.0	32.0	33.0	34.0	35.0	36.0	37.0
B_1_13_2	7.0	88.0	629.0	3414.0	11767.0	34403.0	80620.0	170157.0	317955.0	584989.0	1211383.0	4173113.0	21822010.0	1631092.0
	24.0	25.0	26.0	27.0	28.0	29.0	30.0	31.0	32.0	33.0	34.0	35.0	36.0	37.0
B_1_14_1	1.0	11.0	206.0	1824.0	10486.0	43312.0	125148.0	280574.0	502216.0	805681.0	1288699.0	2715392.0	31118486.0	7214585.0
	23.0	24.0	25.0	26.0	27.0	28.0	29.0	30.0	31.0	32.0	33.0	34.0	35.0	36.0	37.0
B_1_14_2	1.0	6.0	107.0	710.0	3595.0	12863.0	38551.0	93371.0	200853.0	381630.0	694819.0	1360307.0	4384242.0	33355531.0	3580035.0
	25.0	26.0	27.0	28.0	29.0	30.0	31.0	32.0	33.0	34.0	35.0	36.0	37.0
B_1_15_1	12.0	182.0	1845.0	11015.0	45083.0	132467.0	302783.0	543874.0	877071.0	1413218.0	3012632.0	34470548.0	7618919.0
	23.0	24.0	25.0	26.0	27.0	28.0	29.0	30.0	31.0	32.0	33.0	34.0	35.0	36.0	37.0
B_1_15_2	1.0	9.0	115.0	739.0	3903.0	14064.0	41142.0	99478.0	216243.0	409494.0	750647.0	1484467.0	4850820.0	36577147.0	3981380.0
	25.0	26.0	27.0	28.0	29.0	30.0	31.0	32.0	33.0	34.0	35.0	36.0	37.0
B_1_16_1	8.0	175.0	1495.0	8680.0	35171.0	103034.0	234719.0	426818.0	699111.0	1136165.0	2451116.0	28614318.0	6235327.0
	24.0	25.0	26.0	27.0	28.0	29.0	30.0	31.0	32.0	33.0	34.0	35.0	36.0	37.0
B_1_16_2	13.0	103.0	704.0	3667.0	13215.0	38680.0	92814.0	198777.0	373913.0	686475.0	1376963.0	4657144.0	29922331.0	2581338.0
	25.0	26.0	27.0	28.0	29.0	30.0	31.0	32.0	33.0	34.0	35.0	36.0	37.0
B_1_17_1	12.0	213.0	1951.0	10863.0	44321.0	125652.0	278030.0	483404.0	759567.0	1183891.0	2455297.0	28173087.0	6522037.0
	24.0	25.0	26.0	27.0	28.0	29.0	30.0	31.0	32.0	33.0	34.0	35.0	36.0	37.0
B_1_17_2	8.0	80.0	490.0	2527.0	9395.0	27906.0	68563.0	150900.0	289982.0	534325.0	1036371.0	3210547.0	30272492.0	4434739.0
	24.0	25.0	26.0	27.0	28.0	29.0	30.0	31.0	32.0	33.0	34.0	35.0	36.0	37.0
B_1_18_1	1.0	8.0	129.0	1133.0	6644.0	27986.0	83037.0	193088.0	353168.0	574480.0	926432.0	1953912.0	22811346.0	5303331.0
	24.0	25.0	26.0	27.0	28.0	29.0	30.0	31.0	32.0	33.0	34.0	35.0	36.0	37.0
B_1_18_2	4.0	60.0	459.0	2186.0	8137.0	23799.0	58654.0	128855.0	248693.0	462271.0	902164.0	2845462.0	24573378.0	2980573.0
	24.0	25.0	26.0	27.0	28.0	29.0	30.0	31.0	32.0	33.0	34.0	35.0	36.0	37.0
B_1_19_1	1.0	6.0	135.0	1281.0	7343.0	30066.0	88782.0	206228.0	378689.0	624825.0	1015522.0	2151349.0	24719966.0	5720026.0
	23.0	24.0	25.0	26.0	27.0	28.0	29.0	30.0	31.0	32.0	33.0	34.0	35.0	36.0	37.0
B_1_19_2	2.0	11.0	74.0	544.0	2769.0	9876.0	29543.0	71089.0	155176.0	295702.0	545016.0	1079174.0	3511938.0	26473653.0	2769652.0
	25.0	26.0	27.0	28.0	29.0	30.0	31.0	32.0	33.0	34.0	35.0	36.0	37.0
B_1_20_1	4.0	138.0	1289.0	7627.0	30826.0	90513.0	206586.0	370993.0	598077.0	955045.0	2000226.0	22246587.0	5349017.0
	23.0	24.0	25.0	26.0	27.0	28.0	29.0	30.0	31.0	32.0	33.0	34.0	35.0	36.0	37.0
B_1_20_2	1.0	12.0	94.0	591.0	3039.0	10822.0	31818.0	76012.0	162197.0	304438.0	552228.0	1097438.0	3614811.0	23605245.0	2398182.0
	25.0	26.0	27.0	28.0	29.0	30.0	31.0	32.0	33.0	34.0	35.0	36.0	37.0
B_1_21_1	7.0	99.0	1001.0	5912.0	24680.0	73399.0	173741.0	327394.0	553314.0	921181.0	2014763.0	23909256.0	5200715.0
	24.0	25.0	26.0	27.0	28.0	29.0	30.0	31.0	32.0	33.0	34.0	35.0	36.0	37.0
B_1_21_2	6.0	106.0	793.0	4023.0	14439.0	42228.0	98278.0	205773.0	381564.0	702286.0	1470627.0	5099390.0	23623554.0	1562395.0
	25.0	26.0	27.0	28.0	29.0	30.0	31.0	32.0	33.0	34.0	35.0	36.0	37.0
B_1_22_1	7.0	101.0	1102.0	6513.0	27468.0	82067.0	191483.0	355132.0	593338.0	979501.0	2116284.0	24797580.0	5643015.0
	23.0	24.0	25.0	26.0	27.0	28.0	29.0	30.0	31.0	32.0	33.0	34.0	35.0	36.0	37.0
B_1_22_2	1.0	11.0	96.0	639.0	3594.0	12706.0	37888.0	88969.0	189294.0	352367.0	639871.0	1291366.0	4387950.0	25683237.0	2105602.0
	25.0	26.0	27.0	28.0	29.0	30.0	31.0	32.0	33.0	34.0	35.0	36.0	37.0
B_1_23_1	10.0	143.0	1272.0	7044.0	29413.0	85926.0	196227.0	357036.0	586282.0	956383.0	2052592.0	23459944.0	5182812.0
	24.0	25.0	26.0	27.0	28.0	29.0	30.0	31.0	32.0	33.0	34.0	35.0	36.0	37.0
B_1_23_2	8.0	111.0	743.0	3731.0	13489.0	39189.0	90718.0	191059.0	352633.0	639397.0	1291702.0	4345464.0	23927831.0	2019009.0
	24.0	25.0	26.0	27.0	28.0	29.0	30.0	31.0	32.0	33.0	34.0	35.0	36.0	37.0
B_1_24_1	1.0	18.0	162.0	1450.0	7863.0	32476.0	91844.0	207495.0	368743.0	594432.0	956318.0	2044555.0	23371699.0	5038831.0
	23.0	24.0	25.0	26.0	27.0	28.0	29.0	30.0	31.0	32.0	33.0	34.0	35.0	36.0	37.0
B_1_24_2	1.0	5.0	68.0	492.0	2480.0	9143.0	27079.0	66117.0	142632.0	271403.0	496774.0	971396.0	3119305.0	24792535.0	2816457.0
	25.0	26.0	27.0	28.0	29.0	30.0	31.0	32.0	33.0	34.0	35.0	36.0	37.0
B_1_25_1	9.0	127.0	1269.0	7643.0	31791.0	95870.0	225099.0	424738.0	717404.0	1184199.0	2621220.0	28134996.0	5565499.0
	23.0	24.0	25.0	26.0	27.0	28.0	29.0	30.0	31.0	32.0	33.0	34.0	35.0	36.0	37.0
B_1_25_2	1.0	11.0	98.0	720.0	3760.0	13592.0	40013.0	97502.0	213093.0	410763.0	774103.0	1630558.0	5617091.0	28248849.0	1959710.0
	24.0	25.0	26.0	27.0	28.0	29.0	30.0	31.0	32.0	33.0	34.0	35.0	36.0	37.0
B_1_26_1	1.0	7.0	146.0	1247.0	7071.0	28997.0	85294.0	195998.0	361283.0	601321.0	987121.0	2136002.0	24151417.0	5179862.0
	24.0	25.0	26.0	27.0	28.0	29.0	30.0	31.0	32.0	33.0	34.0	35.0	36.0	37.0
B_1_26_2	7.0	92.0	654.0	3303.0	11365.0	33379.0	80157.0	170218.0	323017.0	592576.0	1189137.0	3950435.0	25177859.0	2203568.0
	25.0	26.0	27.0	28.0	29.0	30.0	31.0	32.0	33.0	34.0	35.0	36.0	37.0
B_1_27_1	16.0	186.0	1739.0	9687.0	39126.0	111528.0	247618.0	440170.0	710779.0	1147429.0	2455294.0	27157435.0	5881641.0
	24.0	25.0	26.0	27.0	28.0	29.0	30.0	31.0	32.0	33.0	34.0	35.0	36.0	37.0
B_1_27_2	8.0	71.0	576.0	3026.0	10730.0	31383.0	75319.0	164008.0	311213.0	575098.0	1146185.0	3711690.0	28826072.0	3347269.0
	25.0	26.0	27.0	28.0	29.0	30.0	31.0	32.0	33.0	34.0	35.0	36.0	37.0
B_1_28_1	9.0	136.0	1405.0	7782.0	33044.0	97677.0	227633.0	422233.0	707034.0	1176861.0	2602637.0	29924178.0	6217685.0
	23.0	24.0	25.0	26.0	27.0	28.0	29.0	30.0	31.0	32.0	33.0	34.0	35.0	36.0	37.0
B_1_28_2	1.0	12.0	131.0	823.0	4225.0	14922.0	44155.0	105169.0	224659.0	420763.0	773684.0	1597779.0	5466632.0	30392451.0	2372908.0
	25.0	26.0	27.0	28.0	29.0	30.0	31.0	32.0	33.0	34.0	35.0	36.0	37.0
B_1_29_1	19.0	147.0	1439.0	8241.0	34126.0	100077.0	228793.0	418399.0	690555.0	1138789.0	2489897.0	28572288.0	6076494.0
	23.0	24.0	25.0	26.0	27.0	28.0	29.0	30.0	31.0	32.0	33.0	34.0	35.0	36.0	37.0
B_1_29_2	1.0	9.0	84.0	577.0	3010.0	10726.0	32196.0	77318.0	169294.0	325929.0	605239.0	1211311.0	3936414.0	30218063.0	3169093.0
	25.0	26.0	27.0	28.0	29.0	30.0	31.0	32.0	33.0	34.0	35.0	36.0	37.0
B_1_30_1	15.0	195.0	1625.0	8882.0	36017.0	104538.0	235858.0	423851.0	693723.0	1131576.0	2436358.0	28524183.0	6328974.0
	24.0	25.0	26.0	27.0	28.0	29.0	30.0	31.0	32.0	33.0	34.0	35.0	36.0	37.0
B_1_30_2	6.0	91.0	582.0	3226.0	11768.0	34325.0	83401.0	178279.0	338878.0	620387.0	1231248.0	4034366.0	30294326.0	3094912.0
	24.0	25.0	26.0	27.0	28.0	29.0	30.0	31.0	32.0	33.0	34.0	35.0	36.0	37.0
B_1_31_1	2.0	15.0	218.0	1808.0	10062.0	40547.0	115494.0	262298.0	471822.0	774195.0	1301715.0	2796271.0	20825475.0	4573010.0
	24.0	25.0	26.0	27.0	28.0	29.0	30.0	31.0	32.0	33.0	34.0	35.0	36.0	37.0
B_1_31_2	12.0	139.0	945.0	4872.0	17090.0	50239.0	118127.0	250811.0	465187.0	831729.0	1538105.0	3962638.0	21428443.0	2504595.0
	24.0	25.0	26.0	27.0	28.0	29.0	30.0	31.0	32.0	33.0	34.0	35.0	36.0	37.0
B_1_32_1	1.0	35.0	391.0	3127.0	14785.0	53044.0	143119.0	318507.0	584795.0	989325.0	1657817.0	3615398.0	32095421.0	5766030.0
	23.0	24.0	25.0	26.0	27.0	28.0	29.0	30.0	31.0	32.0	33.0	34.0	35.0	36.0	37.0
B_1_32_2	2.0	23.0	295.0	1708.0	7990.0	25558.0	68609.0	153982.0	319968.0	604443.0	1132562.0	2300636.0	7068486.0	31828199.0	1729334.0
	24.0	25.0	26.0	27.0	28.0	29.0	30.0	31.0	32.0	33.0	34.0	35.0	36.0	37.0
B_1_33_1	1.0	22.0	289.0	2457.0	11600.0	43667.0	119764.0	269511.0	497468.0	842268.0	1422065.0	3135322.0	28402780.0	5227476.0
	23.0	24.0	25.0	26.0	27.0	28.0	29.0	30.0	31.0	32.0	33.0	34.0	35.0	36.0	37.0
B_1_33_2	1.0	20.0	276.0	1864.0	8829.0	27716.0	73300.0	162362.0	330751.0	612992.0	1128863.0	2323537.0	7232241.0	26826253.0	1245685.0
	25.0	26.0	27.0	28.0	29.0	30.0	31.0	32.0	33.0	34.0	35.0	36.0	37.0
B_1_34_1	4.0	67.0	522.0	3028.0	11881.0	34815.0	78978.0	141856.0	227011.0	363027.0	755381.0	6221491.0	1328843.0
	24.0	25.0	26.0	27.0	28.0	29.0	30.0	31.0	32.0	33.0	34.0	35.0	36.0	37.0
B_1_34_2	2.0	25.0	209.0	1099.0	4186.0	12470.0	30434.0	65440.0	123096.0	219886.0	407998.0	1104792.0	6386508.0	810759.0
	25.0	26.0	27.0	28.0	29.0	30.0	31.0	32.0	33.0	34.0	35.0	36.0	37.0
B_1_35_1	26.0	275.0	2291.0	12373.0	47509.0	131815.0	284768.0	488895.0	757723.0	1190412.0	2458816.0	20122912.0	4347643.0
	23.0	24.0	25.0	26.0	27.0	28.0	29.0	30.0	31.0	32.0	33.0	34.0	35.0	36.0	37.0
B_1_35_2	1.0	8.0	64.0	542.0	2799.0	10322.0	31123.0	77435.0	171516.0	333627.0	619352.0	1180302.0	3221735.0	20936279.0	3260353.0
	24.0	25.0	26.0	27.0	28.0	29.0	30.0	31.0	32.0	33.0	34.0	35.0	36.0	37.0
B_1_36_1	2.0	27.0	438.0	3225.0	16071.0	60035.0	164966.0	370601.0	689639.0	1172673.0	1996197.0	4482860.0	40926893.0	6908741.0
	23.0	24.0	25.0	26.0	27.0	28.0	29.0	30.0	31.0	32.0	33.0	34.0	35.0	36.0	37.0
B_1_36_2	2.0	36.0	377.0	2379.0	11526.0	37020.0	99165.0	222572.0	459728.0	862568.0	1617335.0	3370338.0	10652580.0	37982812.0	1473930.0
	24.0	25.0	26.0	27.0	28.0	29.0	30.0	31.0	32.0	33.0	34.0	35.0	36.0	37.0
B_1_38_1	3.0	18.0	289.0	2127.0	10808.0	38710.0	104820.0	231757.0	422706.0	712192.0	1195679.0	2648285.0	22174009.0	3939641.0
	23.0	24.0	25.0	26.0	27.0	28.0	29.0	30.0	31.0	32.0	33.0	34.0	35.0	36.0	37.0
B_1_38_2	1.0	23.0	188.0	1120.0	5335.0	17073.0	45452.0	101897.0	211935.0	402743.0	757010.0	1546955.0	4772306.0	22336354.0	1282652.0
	25.0	26.0	27.0	28.0	29.0	30.0	31.0	32.0	33.0	34.0	35.0	36.0	37.0
B_1_39_1	18.0	311.0	2231.0	10912.0	40774.0	111379.0	248480.0	449907.0	745550.0	1233628.0	2659144.0	22454912.0	4267589.0
	23.0	24.0	25.0	26.0	27.0	28.0	29.0	30.0	31.0	32.0	33.0	34.0	35.0	36.0	37.0
B_1_39_2	4.0	15.0	172.0	1251.0	5628.0	17900.0	47819.0	106576.0	218957.0	409711.0	761904.0	1560811.0	4846084.0	22656053.0	1591950.0
	24.0	25.0	26.0	27.0	28.0	29.0	30.0	31.0	32.0	33.0	34.0	35.0	36.0	37.0
B_1_3_1	1.0	12.0	183.0	1639.0	9457.0	38222.0	109754.0	247862.0	443581.0	715268.0	1144936.0	2407304.0	27444648.0	6420909.0
	24.0	25.0	26.0	27.0	28.0	29.0	30.0	31.0	32.0	33.0	34.0	35.0	36.0	37.0
B_1_3_2	5.0	82.0	556.0	2781.0	10043.0	30225.0	73014.0	159414.0	304530.0	562393.0	1098139.0	3479471.0	29591977.0	3671146.0
	25.0	26.0	27.0	28.0	29.0	30.0	31.0	32.0	33.0	34.0	35.0	36.0	37.0
B_1_40_1	11.0	157.0	1551.0	9173.0	40751.0	127328.0	313933.0	615470.0	1085377.0	1869289.0	4220243.0	26198894.0	2378924.0
	23.0	24.0	25.0	26.0	27.0	28.0	29.0	30.0	31.0	32.0	33.0	34.0	35.0	36.0	37.0
B_1_40_2	3.0	12.0	143.0	1145.0	6499.0	24242.0	75131.0	188651.0	424806.0	825786.0	1513226.0	2895837.0	7966798.0	22227482.0	711340.0
	24.0	25.0	26.0	27.0	28.0	29.0	30.0	31.0	32.0	33.0	34.0	35.0	36.0	37.0
B_1_41_1	1.0	12.0	189.0	2006.0	11633.0	50659.0	156724.0	375756.0	711496.0	1209380.0	2019667.0	4442763.0	28603352.0	2878723.0
	23.0	24.0	25.0	26.0	27.0	28.0	29.0	30.0	31.0	32.0	33.0	34.0	35.0	36.0	37.0
B_1_41_2	1.0	11.0	98.0	860.0	4472.0	17645.0	56120.0	147436.0	346727.0	698903.0	1310281.0	2501525.0	6987409.0	27108003.0	1282870.0
	24.0	25.0	26.0	27.0	28.0	29.0	30.0	31.0	32.0	33.0	34.0	35.0	36.0	37.0
B_1_42_1	2.0	15.0	328.0	2872.0	14799.0	58031.0	161392.0	352948.0	607710.0	952179.0	1488218.0	3032275.0	24988349.0	5520887.0
	24.0	25.0	26.0	27.0	28.0	29.0	30.0	31.0	32.0	33.0	34.0	35.0	36.0	37.0
B_1_42_2	7.0	107.0	848.0	4347.0	16132.0	47986.0	116003.0	251975.0	478710.0	864225.0	1595574.0	4181401.0	25851876.0	3770814.0
	25.0	26.0	27.0	28.0	29.0	30.0	31.0	32.0	33.0	34.0	35.0	36.0	37.0
B_1_4_1	9.0	119.0	1212.0	7410.0	30864.0	91057.0	210004.0	380341.0	623457.0	1014219.0	2177270.0	24273086.0	5467003.0
	24.0	25.0	26.0	27.0	28.0	29.0	30.0	31.0	32.0	33.0	34.0	35.0	36.0	37.0
B_1_4_2	9.0	69.0	501.0	2776.0	9516.0	28550.0	69230.0	149451.0	284464.0	527655.0	1053616.0	3507117.0	25855712.0	2787385.0
	24.0	25.0	26.0	27.0	28.0	29.0	30.0	31.0	32.0	33.0	34.0	35.0	36.0	37.0
B_1_5_1	1.0	22.0	246.0	2147.0	12299.0	49739.0	141377.0	314157.0	551270.0	873804.0	1382571.0	2889653.0	32315753.0	7200657.0
	23.0	24.0	25.0	26.0	27.0	28.0	29.0	30.0	31.0	32.0	33.0	34.0	35.0	36.0	37.0
B_1_5_2	1.0	14.0	109.0	763.0	3786.0	13876.0	40614.0	98015.0	210459.0	397046.0	720276.0	1401570.0	4526138.0	34357460.0	3963569.0
	25.0	26.0	27.0	28.0	29.0	30.0	31.0	32.0	33.0	34.0	35.0	36.0	37.0
B_1_6_1	13.0	138.0	1341.0	8079.0	33346.0	98835.0	228030.0	421241.0	699168.0	1151049.0	2468672.0	28272188.0	6326330.0
	23.0	24.0	25.0	26.0	27.0	28.0	29.0	30.0	31.0	32.0	33.0	34.0	35.0	36.0	37.0
B_1_6_2	1.0	17.0	118.0	831.0	4511.0	15388.0	43912.0	104146.0	219228.0	408894.0	749482.0	1527598.0	5185839.0	29160322.0	2288143.0
	25.0	26.0	27.0	28.0	29.0	30.0	31.0	32.0	33.0	34.0	35.0	36.0	37.0
B_1_8_1	16.0	148.0	1417.0	8127.0	34603.0	100017.0	227183.0	408323.0	662391.0	1070488.0	2293792.0	25480917.0	5454994.0
	24.0	25.0	26.0	27.0	28.0	29.0	30.0	31.0	32.0	33.0	34.0	35.0	36.0	37.0
B_1_8_2	12.0	79.0	676.0	3225.0	11524.0	33599.0	81039.0	173669.0	329082.0	608400.0	1238156.0	4215545.0	26620609.0	2426801.0
	25.0	26.0	27.0	28.0	29.0	30.0	31.0	32.0	33.0	34.0	35.0	36.0	37.0
B_1_9_1	15.0	190.0	1704.0	9804.0	39208.0	113885.0	258030.0	460499.0	748309.0	1200427.0	2532975.0	29749460.0	6763629.0
	23.0	24.0	25.0	26.0	27.0	28.0	29.0	30.0	31.0	32.0	33.0	34.0	35.0	36.0	37.0
B_1_9_2	1.0	7.0	106.0	721.0	3692.0	12985.0	38236.0	91866.0	196378.0	370462.0	672562.0	1324846.0	4314489.0	31498236.0	3353548.0
	24.0	25.0	26.0	27.0	28.0	29.0	30.0	31.0	32.0	33.0	34.0	35.0	36.0	37.0
B_2_10_1	1.0	11.0	169.0	1631.0	9972.0	44117.0	139447.0	347634.0	685600.0	1214318.0	2114513.0	4886087.0	30806267.0	2628954.0
	23.0	24.0	25.0	26.0	27.0	28.0	29.0	30.0	31.0	32.0	33.0	34.0	35.0	36.0	37.0
B_2_10_2	1.0	11.0	89.0	784.0	4481.0	17415.0	56511.0	151244.0	363929.0	749750.0	1435240.0	2824436.0	8074835.0	28134211.0	1065784.0
	24.0	25.0	26.0	27.0	28.0	29.0	30.0	31.0	32.0	33.0	34.0	35.0	36.0	37.0
B_2_11_1	1.0	6.0	134.0	1344.0	8520.0	36927.0	112991.0	272007.0	518784.0	896038.0	1522439.0	3461608.0	22827238.0	2033009.0
	24.0	25.0	26.0	27.0	28.0	29.0	30.0	31.0	32.0	33.0	34.0	35.0	36.0	37.0
B_2_11_2	6.0	90.0	712.0	3820.0	14639.0	46538.0	119436.0	277138.0	554453.0	1034903.0	1974090.0	5550827.0	21226169.0	888225.0
	25.0	26.0	27.0	28.0	29.0	30.0	31.0	32.0	33.0	34.0	35.0	36.0	37.0
B_2_12_1	10.0	105.0	877.0	5705.0	26219.0	87272.0	228235.0	481343.0	908606.0	1681102.0	4159147.0	25536266.0	1893753.0
	24.0	25.0	26.0	27.0	28.0	29.0	30.0	31.0	32.0	33.0	34.0	35.0	36.0	37.0
B_2_12_2	11.0	235.0	1776.0	9706.0	35081.0	106028.0	256477.0	561516.0	1077127.0	2006031.0	3957625.0	9793578.0	16900037.0	303412.0
	25.0	26.0	27.0	28.0	29.0	30.0	31.0	32.0	33.0	34.0	35.0	36.0	37.0
B_2_13_1	9.0	169.0	1485.0	8498.0	37059.0	114705.0	273107.0	512600.0	864937.0	1440879.0	3130807.0	20150134.0	2106980.0
	24.0	25.0	26.0	27.0	28.0	29.0	30.0	31.0	32.0	33.0	34.0	35.0	36.0	37.0
B_2_13_2	4.0	61.0	483.0	2710.0	10579.0	34282.0	92018.0	219406.0	452600.0	857242.0	1640633.0	4606822.0	19665009.0	1059520.0
	25.0	26.0	27.0	28.0	29.0	30.0	31.0	32.0	33.0	34.0	35.0	36.0	37.0
B_2_14_1	6.0	166.0	1726.0	9892.0	44009.0	137496.0	339290.0	664976.0	1174272.0	2035262.0	4632837.0	29413681.0	2653602.0
	24.0	25.0	26.0	27.0	28.0	29.0	30.0	31.0	32.0	33.0	34.0	35.0	36.0	37.0
B_2_14_2	11.0	132.0	1033.0	5562.0	20692.0	66491.0	171087.0	396359.0	791939.0	1475311.0	2822526.0	7806452.0	26533917.0	1015703.0
	25.0	26.0	27.0	28.0	29.0	30.0	31.0	32.0	33.0	34.0	35.0	36.0	37.0
B_2_15_1	15.0	157.0	1490.0	8831.0	38446.0	119719.0	291583.0	562793.0	973207.0	1663705.0	3756546.0	24938619.0	2396615.0
	24.0	25.0	26.0	27.0	28.0	29.0	30.0	31.0	32.0	33.0	34.0	35.0	36.0	37.0
B_2_15_2	10.0	100.0	696.0	3973.0	15681.0	48741.0	129190.0	303116.0	613197.0	1153156.0	2232101.0	6332615.0	22997312.0	921838.0
	25.0	26.0	27.0	28.0	29.0	30.0	31.0	32.0	33.0	34.0	35.0	36.0	37.0
B_2_16_1	13.0	181.0	1754.0	10890.0	47387.0	147522.0	360182.0	691721.0	1187455.0	1988037.0	4369684.0	29281844.0	2840719.0
	24.0	25.0	26.0	27.0	28.0	29.0	30.0	31.0	32.0	33.0	34.0	35.0	36.0	37.0
B_2_16_2	5.0	95.0	755.0	4340.0	17105.0	56151.0	150710.0	355606.0	720353.0	1335078.0	2516529.0	7057915.0	27457216.0	1255531.0
	24.0	25.0	26.0	27.0	28.0	29.0	30.0	31.0	32.0	33.0	34.0	35.0	36.0	37.0
B_2_17_1	1.0	11.0	186.0	1822.0	10832.0	47227.0	145843.0	348018.0	653466.0	1092020.0	1807882.0	3958134.0	26237912.0	2461922.0
	23.0	24.0	25.0	26.0	27.0	28.0	29.0	30.0	31.0	32.0	33.0	34.0	35.0	36.0	37.0
B_2_17_2	1.0	5.0	76.0	653.0	3757.0	14994.0	48657.0	130598.0	309772.0	624768.0	1165650.0	2206246.0	6280806.0	24827438.0	1151855.0
	25.0	26.0	27.0	28.0	29.0	30.0	31.0	32.0	33.0	34.0	35.0	36.0	37.0
B_2_18_1	6.0	141.0	1349.0	8146.0	35380.0	111728.0	272256.0	527985.0	916737.0	1553392.0	3474008.0	23124381.0	2113547.0
	23.0	24.0	25.0	26.0	27.0	28.0	29.0	30.0	31.0	32.0	33.0	34.0	35.0	36.0	37.0
B_2_18_2	1.0	7.0	87.0	713.0	3715.0	14273.0	46651.0	123700.0	290380.0	587084.0	1092387.0	2082870.0	5851235.0	21196944.0	849009.0
	25.0	26.0	27.0	28.0	29.0	30.0	31.0	32.0	33.0	34.0	35.0	36.0	37.0
B_2_19_1	10.0	118.0	1364.0	8419.0	36962.0	116543.0	284717.0	545004.0	933547.0	1563772.0	3409388.0	21615690.0	2122438.0
	24.0	25.0	26.0	27.0	28.0	29.0	30.0	31.0	32.0	33.0	34.0	35.0	36.0	37.0
B_2_19_2	4.0	101.0	831.0	4415.0	16861.0	53330.0	136052.0	313379.0	614803.0	1112224.0	2089309.0	5847409.0	19643962.0	805292.0
	25.0	26.0	27.0	28.0	29.0	30.0	31.0	32.0	33.0	34.0	35.0	36.0	37.0
B_2_20_1	5.0	134.0	1273.0	7749.0	34125.0	107766.0	268964.0	530808.0	925691.0	1578679.0	3600076.0	20926777.0	1661798.0
	23.0	24.0	25.0	26.0	27.0	28.0	29.0	30.0	31.0	32.0	33.0	34.0	35.0	36.0	37.0
B_2_20_2	1.0	8.0	123.0	1098.0	5857.0	22217.0	68541.0	172851.0	385190.0	749224.0	1387346.0	2730132.0	7305220.0	16392456.0	423581.0
	25.0	26.0	27.0	28.0	29.0	30.0	31.0	32.0	33.0	34.0	35.0	36.0	37.0
B_2_21_1	8.0	133.0	1410.0	8141.0	35978.0	112171.0	272143.0	526283.0	914703.0	1558650.0	3556836.0	23224560.0	1989101.0
	23.0	24.0	25.0	26.0	27.0	28.0	29.0	30.0	31.0	32.0	33.0	34.0	35.0	36.0	37.0
B_2_21_2	1.0	7.0	94.0	695.0	4147.0	15529.0	50493.0	131481.0	305928.0	611943.0	1138063.0	2211670.0	6364764.0	20675391.0	689911.0
	24.0	25.0	26.0	27.0	28.0	29.0	30.0	31.0	32.0	33.0	34.0	35.0	36.0	37.0
B_2_22_1	1.0	5.0	130.0	1420.0	8501.0	37501.0	119297.0	295883.0	569976.0	987140.0	1672826.0	3725600.0	24528497.0	2340516.0
	24.0	25.0	26.0	27.0	28.0	29.0	30.0	31.0	32.0	33.0	34.0	35.0	36.0	37.0
B_2_22_2	11.0	81.0	567.0	3272.0	12861.0	43029.0	116337.0	279681.0	573850.0	1088906.0	2087847.0	5915341.0	23152121.0	1013389.0
	24.0	25.0	26.0	27.0	28.0	29.0	30.0	31.0	32.0	33.0	34.0	35.0	36.0	37.0
B_2_23_1	1.0	11.0	159.0	1637.0	9412.0	40907.0	126818.0	304617.0	582499.0	998489.0	1682168.0	3738333.0	24988416.0	2350312.0
	24.0	25.0	26.0	27.0	28.0	29.0	30.0	31.0	32.0	33.0	34.0	35.0	36.0	37.0
B_2_23_2	5.0	83.0	612.0	3649.0	13733.0	45325.0	120056.0	284794.0	582973.0	1089238.0	2071721.0	5791230.0	23730857.0	1089503.0
	24.0	25.0	26.0	27.0	28.0	29.0	30.0	31.0	32.0	33.0	34.0	35.0	36.0	37.0
B_2_24_1	1.0	5.0	106.0	1177.0	7204.0	31817.0	101654.0	256824.0	513054.0	917122.0	1599157.0	3664219.0	24017937.0	2094906.0
	24.0	25.0	26.0	27.0	28.0	29.0	30.0	31.0	32.0	33.0	34.0	35.0	36.0	37.0
B_2_24_2	9.0	103.0	699.0	4041.0	15590.0	50493.0	133687.0	314008.0	636796.0	1205743.0	2389919.0	6911621.0	20871909.0	670565.0
	25.0	26.0	27.0	28.0	29.0	30.0	31.0	32.0	33.0	34.0	35.0	36.0	37.0
B_2_25_1	12.0	224.0	1851.0	11017.0	47403.0	145440.0	352457.0	670463.0	1153159.0	1972368.0	4414692.0	27467985.0	2570672.0
	23.0	24.0	25.0	26.0	27.0	28.0	29.0	30.0	31.0	32.0	33.0	34.0	35.0	36.0	37.0
B_2_25_2	2.0	10.0	134.0	969.0	5516.0	20740.0	65000.0	164269.0	373615.0	739672.0	1391520.0	2699122.0	7501249.0	24896678.0	949247.0
	25.0	26.0	27.0	28.0	29.0	30.0	31.0	32.0	33.0	34.0	35.0	36.0	37.0
B_2_26_1	9.0	148.0	1284.0	8419.0	36303.0	113166.0	276228.0	530332.0	911100.0	1535610.0	3455213.0	21011283.0	1844101.0
	24.0	25.0	26.0	27.0	28.0	29.0	30.0	31.0	32.0	33.0	34.0	35.0	36.0	37.0
B_2_26_2	8.0	113.0	807.0	4306.0	16561.0	52609.0	134834.0	311167.0	616291.0	1144707.0	2227623.0	6346902.0	18233484.0	633784.0
	24.0	25.0	26.0	27.0	28.0	29.0	30.0	31.0	32.0	33.0	34.0	35.0	36.0	37.0
B_2_27_1	1.0	9.0	150.0	1338.0	8090.0	35432.0	110476.0	266678.0	511025.0	878008.0	1483230.0	3294775.0	21422471.0	1952292.0
	23.0	24.0	25.0	26.0	27.0	28.0	29.0	30.0	31.0	32.0	33.0	34.0	35.0	36.0	37.0
B_2_27_2	2.0	12.0	73.0	625.0	3513.0	13693.0	43664.0	115741.0	269132.0	537201.0	987399.0	1850697.0	5126225.0	20092114.0	923884.0
	25.0	26.0	27.0	28.0	29.0	30.0	31.0	32.0	33.0	34.0	35.0	36.0	37.0
B_2_28_1	14.0	158.0	1391.0	8369.0	36898.0	114195.0	276562.0	530344.0	912760.0	1543893.0	3423277.0	22519908.0	2143883.0
	24.0	25.0	26.0	27.0	28.0	29.0	30.0	31.0	32.0	33.0	34.0	35.0	36.0	37.0
B_2_28_2	2.0	88.0	651.0	3715.0	13657.0	44435.0	115944.0	272583.0	550785.0	1031661.0	1993873.0	5852394.0	20814536.0	817328.0
	25.0	26.0	27.0	28.0	29.0	30.0	31.0	32.0	33.0	34.0	35.0	36.0	37.0
B_2_29_1	10.0	116.0	1276.0	7900.0	35034.0	111896.0	280783.0	552680.0	978169.0	1681414.0	3791607.0	25176359.0	2364822.0
	23.0	24.0	25.0	26.0	27.0	28.0	29.0	30.0	31.0	32.0	33.0	34.0	35.0	36.0	37.0
B_2_29_2	2.0	7.0	91.0	695.0	3961.0	15236.0	48661.0	131689.0	311633.0	633331.0	1194543.0	2304802.0	6503603.0	22946569.0	887243.0
	25.0	26.0	27.0	28.0	29.0	30.0	31.0	32.0	33.0	34.0	35.0	36.0	37.0
B_2_30_1	9.0	144.0	1619.0	9535.0	41962.0	132175.0	324602.0	632900.0	1104353.0	1889745.0	4304158.0	27611332.0	2429344.0
	24.0	25.0	26.0	27.0	28.0	29.0	30.0	31.0	32.0	33.0	34.0	35.0	36.0	37.0
B_2_30_2	10.0	116.0	887.0	4579.0	17685.0	56793.0	149047.0	349212.0	704485.0	1314191.0	2529695.0	7257292.0	25157679.0	940207.0
	25.0	26.0	27.0	28.0	29.0	30.0	31.0	32.0	33.0	34.0	35.0	36.0	37.0
B_2_31_1	9.0	113.0	1197.0	7500.0	33306.0	105869.0	266837.0	528640.0	938730.0	1618229.0	3667787.0	22717010.0	2103134.0
	23.0	24.0	25.0	26.0	27.0	28.0	29.0	30.0	31.0	32.0	33.0	34.0	35.0	36.0	37.0
B_2_31_2	2.0	17.0	179.0	1229.0	6622.0	24779.0	75483.0	185725.0	410816.0	795804.0	1460227.0	2852793.0	7807804.0	17933483.0	433398.0
	25.0	26.0	27.0	28.0	29.0	30.0	31.0	32.0	33.0	34.0	35.0	36.0	37.0
B_2_32_1	9.0	155.0	1507.0	8726.0	37708.0	116708.0	282555.0	541496.0	922951.0	1501308.0	3153356.0	19936325.0	2219842.0
	23.0	24.0	25.0	26.0	27.0	28.0	29.0	30.0	31.0	32.0	33.0	34.0	35.0	36.0	37.0
B_2_32_2	1.0	11.0	85.0	670.0	3570.0	13792.0	43048.0	111495.0	259486.0	522911.0	972959.0	1817584.0	4988989.0	19041563.0	946482.0
	25.0	26.0	27.0	28.0	29.0	30.0	31.0	32.0	33.0	34.0	35.0	36.0	37.0
B_2_33_1	9.0	154.0	1525.0	9251.0	40061.0	123679.0	298278.0	572199.0	983635.0	1675267.0	3784698.0	24538652.0	2247864.0
	22.0	23.0	24.0	25.0	26.0	27.0	28.0	29.0	30.0	31.0	32.0	33.0	34.0	35.0	36.0	37.0
B_2_33_2	1.0	0.0	10.0	102.0	826.0	4334.0	16394.0	51337.0	132892.0	305201.0	607746.0	1126685.0	2153925.0	6038108.0	22833229.0	1004482.0
	24.0	25.0	26.0	27.0	28.0	29.0	30.0	31.0	32.0	33.0	34.0	35.0	36.0	37.0
B_2_34_1	1.0	8.0	107.0	1166.0	7143.0	32028.0	102049.0	250616.0	490186.0	857425.0	1472215.0	3335138.0	22061270.0	2055173.0
	24.0	25.0	26.0	27.0	28.0	29.0	30.0	31.0	32.0	33.0	34.0	35.0	36.0	37.0
B_2_34_2	11.0	103.0	774.0	4153.0	16240.0	51640.0	132750.0	303849.0	599297.0	1103312.0	2119901.0	5989340.0	19643489.0	699666.0
	25.0	26.0	27.0	28.0	29.0	30.0	31.0	32.0	33.0	34.0	35.0	36.0	37.0
B_2_35_1	10.0	122.0	1196.0	7454.0	33350.0	106996.0	265032.0	518320.0	907638.0	1555624.0	3492186.0	22636363.0	2074079.0
	24.0	25.0	26.0	27.0	28.0	29.0	30.0	31.0	32.0	33.0	34.0	35.0	36.0	37.0
B_2_35_2	8.0	71.0	701.0	3999.0	15637.0	49181.0	128047.0	297394.0	592376.0	1095946.0	2072396.0	5753712.0	20720876.0	868026.0
	24.0	25.0	26.0	27.0	28.0	29.0	30.0	31.0	32.0	33.0	34.0	35.0	36.0	37.0
B_2_36_1	1.0	8.0	126.0	1109.0	7224.0	32764.0	103193.0	255898.0	497720.0	870024.0	1488977.0	3345461.0	23116982.0	2690987.0
	24.0	25.0	26.0	27.0	28.0	29.0	30.0	31.0	32.0	33.0	34.0	35.0	36.0	37.0
B_2_36_2	6.0	79.0	581.0	3405.0	12840.0	41886.0	110129.0	261019.0	528100.0	994669.0	1931411.0	5577287.0	21912292.0	1036770.0
	25.0	26.0	27.0	28.0	29.0	30.0	31.0	32.0	33.0	34.0	35.0	36.0	37.0
B_2_38_1	4.0	157.0	1485.0	8890.0	39386.0	126042.0	320406.0	644609.0	1148200.0	1922501.0	4049272.0	24348259.0	2403611.0
	23.0	24.0	25.0	26.0	27.0	28.0	29.0	30.0	31.0	32.0	33.0	34.0	35.0	36.0	37.0
B_2_38_2	2.0	8.0	143.0	916.0	5088.0	18958.0	58854.0	152206.0	351687.0	711038.0	1334601.0	2552293.0	6889386.0	22117969.0	819673.0
	25.0	26.0	27.0	28.0	29.0	30.0	31.0	32.0	33.0	34.0	35.0	36.0	37.0
B_2_39_1	7.0	136.0	1250.0	8021.0	37143.0	120651.0	302607.0	591169.0	1016329.0	1723631.0	3992685.0	23538532.0	1814387.0
	24.0	25.0	26.0	27.0	28.0	29.0	30.0	31.0	32.0	33.0	34.0	35.0	36.0	37.0
B_2_39_2	8.0	91.0	777.0	4244.0	16082.0	52249.0	136082.0	321099.0	652575.0	1256427.0	2598381.0	7739670.0	19823736.0	545127.0
	25.0	26.0	27.0	28.0	29.0	30.0	31.0	32.0	33.0	34.0	35.0	36.0	37.0
B_2_3_1	7.0	131.0	1356.0	8275.0	36311.0	114416.0	284236.0	555624.0	978547.0	1688081.0	3912379.0	25179355.0	2132320.0
	24.0	25.0	26.0	27.0	28.0	29.0	30.0	31.0	32.0	33.0	34.0	35.0	36.0	37.0
B_2_3_2	5.0	131.0	795.0	4817.0	17807.0	56724.0	144197.0	333606.0	662373.0	1232486.0	2407832.0	7008503.0	22279622.0	742140.0
	25.0	26.0	27.0	28.0	29.0	30.0	31.0	32.0	33.0	34.0	35.0	36.0	37.0
B_2_40_1	12.0	241.0	2135.0	12004.0	52460.0	157619.0	374201.0	689951.0	1150454.0	1889730.0	4048895.0	26420316.0	2876134.0
	23.0	24.0	25.0	26.0	27.0	28.0	29.0	30.0	31.0	32.0	33.0	34.0	35.0	36.0	37.0
B_2_40_2	3.0	10.0	78.0	579.0	3287.0	12950.0	42555.0	115999.0	280495.0	578042.0	1093682.0	2070414.0	5694407.0	26170872.0	1610779.0
	25.0	26.0	27.0	28.0	29.0	30.0	31.0	32.0	33.0	34.0	35.0	36.0	37.0
B_2_41_1	5.0	137.0	1317.0	7974.0	34480.0	106413.0	259098.0	503873.0	884665.0	1524987.0	3473323.0	20415143.0	1770151.0
	24.0	25.0	26.0	27.0	28.0	29.0	30.0	31.0	32.0	33.0	34.0	35.0	36.0	37.0
B_2_41_2	6.0	78.0	534.0	3103.0	11918.0	38111.0	101250.0	240605.0	494431.0	941032.0	1817234.0	5043299.0	19386684.0	903281.0
	25.0	26.0	27.0	28.0	29.0	30.0	31.0	32.0	33.0	34.0	35.0	36.0	37.0
B_2_42_1	11.0	171.0	1585.0	9247.0	41809.0	133208.0	329299.0	641939.0	1119167.0	1915249.0	4282380.0	27814800.0	2774938.0
	24.0	25.0	26.0	27.0	28.0	29.0	30.0	31.0	32.0	33.0	34.0	35.0	36.0	37.0
B_2_42_2	10.0	110.0	684.0	4060.0	14939.0	49024.0	129175.0	306513.0	625954.0	1183978.0	2283496.0	6472809.0	26635403.0	1357648.0
	24.0	25.0	26.0	27.0	28.0	29.0	30.0	31.0	32.0	33.0	34.0	35.0	36.0	37.0
B_2_4_1	2.0	4.0	96.0	986.0	6185.0	28821.0	93441.0	236802.0	470568.0	838094.0	1462958.0	3389097.0	22395204.0	1949443.0
	23.0	24.0	25.0	26.0	27.0	28.0	29.0	30.0	31.0	32.0	33.0	34.0	35.0	36.0	37.0
B_2_4_2	1.0	4.0	92.0	644.0	3849.0	14596.0	47790.0	124176.0	290897.0	585007.0	1098914.0	2137111.0	6090622.0	19801997.0	676001.0
	24.0	25.0	26.0	27.0	28.0	29.0	30.0	31.0	32.0	33.0	34.0	35.0	36.0	37.0
B_2_5_1	1.0	11.0	155.0	1375.0	9034.0	40171.0	128479.0	322060.0	641626.0	1140753.0	1972399.0	4534981.0	29929537.0	2666788.0
	23.0	24.0	25.0	26.0	27.0	28.0	29.0	30.0	31.0	32.0	33.0	34.0	35.0	36.0	37.0
B_2_5_2	1.0	7.0	144.0	1085.0	6166.0	23724.0	74549.0	191123.0	441032.0	872274.0	1616088.0	3169084.0	9098795.0	25166603.0	726695.0
	25.0	26.0	27.0	28.0	29.0	30.0	31.0	32.0	33.0	34.0	35.0	36.0	37.0
B_2_6_1	12.0	147.0	1558.0	9018.0	39823.0	126527.0	316033.0	627996.0	1113290.0	1927638.0	4426245.0	29146650.0	2517335.0
	23.0	24.0	25.0	26.0	27.0	28.0	29.0	30.0	31.0	32.0	33.0	34.0	35.0	36.0	37.0
B_2_6_2	1.0	10.0	168.0	1277.0	7047.0	26670.0	81639.0	206420.0	463965.0	901281.0	1648806.0	3218693.0	9146182.0	23890856.0	659257.0
	25.0	26.0	27.0	28.0	29.0	30.0	31.0	32.0	33.0	34.0	35.0	36.0	37.0
B_2_8_1	9.0	174.0	1482.0	9028.0	39744.0	124943.0	308798.0	605433.0	1071452.0	1864213.0	4313825.0	26534986.0	2226926.0
	24.0	25.0	26.0	27.0	28.0	29.0	30.0	31.0	32.0	33.0	34.0	35.0	36.0	37.0
B_2_8_2	13.0	160.0	1100.0	5499.0	19964.0	61579.0	157134.0	363153.0	726220.0	1356795.0	2626135.0	7407541.0	23573735.0	801985.0
	25.0	26.0	27.0	28.0	29.0	30.0	31.0	32.0	33.0	34.0	35.0	36.0	37.0
B_2_9_1	10.0	132.0	1279.0	8005.0	34938.0	112638.0	281540.0	556785.0	992841.0	1740802.0	4034400.0	26661912.0	2387253.0
	24.0	25.0	26.0	27.0	28.0	29.0	30.0	31.0	32.0	33.0	34.0	35.0	36.0	37.0
B_2_9_2	17.0	145.0	1134.0	6096.0	22910.0	70845.0	178177.0	399737.0	777594.0	1432397.0	2776011.0	7846944.0	22613335.0	687193.0
	25.0	26.0	27.0	28.0	29.0	30.0	31.0	32.0	33.0	34.0	35.0	36.0	37.0
B_3_10_1	5.0	158.0	1353.0	8548.0	37590.0	118712.0	289479.0	557464.0	957602.0	1622892.0	3632246.0	24190652.0	2285003.0
	24.0	25.0	26.0	27.0	28.0	29.0	30.0	31.0	32.0	33.0	34.0	35.0	36.0	37.0
B_3_10_2	10.0	84.0	524.0	3428.0	13543.0	43819.0	117489.0	278355.0	568615.0	1069464.0	2043589.0	5794664.0	22767036.0	1001084.0
	24.0	25.0	26.0	27.0	28.0	29.0	30.0	31.0	32.0	33.0	34.0	35.0	36.0	37.0
B_3_11_1	1.0	26.0	377.0	3047.0	15014.0	55408.0	152637.0	346995.0	650878.0	1119470.0	1918005.0	4328622.0	40602209.0	7039997.0
	23.0	24.0	25.0	26.0	27.0	28.0	29.0	30.0	31.0	32.0	33.0	34.0	35.0	36.0	37.0
B_3_11_2	2.0	34.0	363.0	2472.0	11282.0	35938.0	95267.0	213298.0	441349.0	828758.0	1552415.0	3210202.0	10038019.0	38169920.0	1633367.0
	25.0	26.0	27.0	28.0	29.0	30.0	31.0	32.0	33.0	34.0	35.0	36.0	37.0
B_3_12_1	10.0	176.0	1685.0	9480.0	38836.0	111700.0	252128.0	453095.0	735598.0	1197654.0	2599366.0	27813124.0	5895302.0
	24.0	25.0	26.0	27.0	28.0	29.0	30.0	31.0	32.0	33.0	34.0	35.0	36.0	37.0
B_3_12_2	9.0	83.0	535.0	2673.0	9565.0	29001.0	72414.0	158107.0	307732.0	577974.0	1158670.0	3659232.0	29573070.0	3559089.0
	25.0	26.0	27.0	28.0	29.0	30.0	31.0	32.0	33.0	34.0	35.0	36.0	37.0
B_3_13_1	18.0	220.0	1965.0	11048.0	45362.0	128706.0	287819.0	510365.0	822197.0	1324501.0	2820137.0	30597375.0	6678450.0
	24.0	25.0	26.0	27.0	28.0	29.0	30.0	31.0	32.0	33.0	34.0	35.0	36.0	37.0
B_3_13_2	13.0	102.0	606.0	3124.0	11264.0	33503.0	81020.0	177879.0	340682.0	635723.0	1262580.0	3992518.0	32687304.0	4001845.0
	25.0	26.0	27.0	28.0	29.0	30.0	31.0	32.0	33.0	34.0	35.0	36.0	37.0
B_3_14_1	18.0	173.0	1802.0	10157.0	40435.0	116580.0	260458.0	463445.0	744461.0	1199199.0	2559646.0	29489239.0	6770442.0
	23.0	24.0	25.0	26.0	27.0	28.0	29.0	30.0	31.0	32.0	33.0	34.0	35.0	36.0	37.0
B_3_14_2	1.0	5.0	88.0	554.0	3373.0	11929.0	35780.0	86332.0	185806.0	350466.0	642259.0	1271896.0	4146971.0	31405574.0	3515021.0
	25.0	26.0	27.0	28.0	29.0	30.0	31.0	32.0	33.0	34.0	35.0	36.0	37.0
B_3_15_1	14.0	160.0	1572.0	9176.0	39279.0	123060.0	310063.0	634970.0	1166974.0	2243539.0	5626943.0	33298400.0	2107316.0
	23.0	24.0	25.0	26.0	27.0	28.0	29.0	30.0	31.0	32.0	33.0	34.0	35.0	36.0	37.0
B_3_15_2	1.0	17.0	180.0	1385.0	7358.0	27090.0	82973.0	209349.0	478526.0	953773.0	1961645.0	4727062.0	14174891.0	22650357.0	286859.0
	24.0	25.0	26.0	27.0	28.0	29.0	30.0	31.0	32.0	33.0	34.0	35.0	36.0	37.0
B_3_16_1	2.0	9.0	173.0	1691.0	9354.0	39149.0	113630.0	256553.0	458071.0	735632.0	1182619.0	2512033.0	29044759.0	6409549.0
	24.0	25.0	26.0	27.0	28.0	29.0	30.0	31.0	32.0	33.0	34.0	35.0	36.0	37.0
B_3_16_2	7.0	98.0	612.0	3121.0	11514.0	34223.0	83459.0	180520.0	341533.0	624523.0	1226228.0	3984198.0	30891109.0	3382079.0
	25.0	26.0	27.0	28.0	29.0	30.0	31.0	32.0	33.0	34.0	35.0	36.0	37.0
B_3_17_1	10.0	156.0	1590.0	9255.0	38028.0	111689.0	253885.0	455255.0	735093.0	1181077.0	2506863.0	28638342.0	6289122.0
	24.0	25.0	26.0	27.0	28.0	29.0	30.0	31.0	32.0	33.0	34.0	35.0	36.0	37.0
B_3_17_2	10.0	74.0	517.0	2791.0	9889.0	30118.0	74391.0	162149.0	314339.0	581149.0	1141853.0	3642211.0	30557538.0	3703336.0
	24.0	25.0	26.0	27.0	28.0	29.0	30.0	31.0	32.0	33.0	34.0	35.0	36.0	37.0
B_3_18_1	1.0	17.0	202.0	1798.0	10361.0	42274.0	122549.0	277383.0	501868.0	812294.0	1309583.0	2761973.0	32127542.0	7366991.0
	24.0	25.0	26.0	27.0	28.0	29.0	30.0	31.0	32.0	33.0	34.0	35.0	36.0	37.0
B_3_18_2	11.0	122.0	671.0	3737.0	13391.0	39295.0	95123.0	204548.0	386167.0	708181.0	1404773.0	4627724.0	34057658.0	3793435.0
	25.0	26.0	27.0	28.0	29.0	30.0	31.0	32.0	33.0	34.0	35.0	36.0	37.0
B_3_19_1	19.0	180.0	1698.0	9814.0	39946.0	115518.0	263136.0	472093.0	764422.0	1218285.0	2561849.0	28003954.0	6270972.0
	24.0	25.0	26.0	27.0	28.0	29.0	30.0	31.0	32.0	33.0	34.0	35.0	36.0	37.0
B_3_19_2	11.0	118.0	751.0	3909.0	13966.0	40812.0	97039.0	207193.0	384571.0	696977.0	1367721.0	4430275.0	29554822.0	2923721.0
	24.0	25.0	26.0	27.0	28.0	29.0	30.0	31.0	32.0	33.0	34.0	35.0	36.0	37.0
B_3_20_1	1.0	15.0	166.0	1809.0	10418.0	42873.0	127121.0	290005.0	525689.0	854609.0	1378151.0	2920084.0	32430816.0	7311156.0
	23.0	24.0	25.0	26.0	27.0	28.0	29.0	30.0	31.0	32.0	33.0	34.0	35.0	36.0	37.0
B_3_20_2	1.0	10.0	108.0	816.0	4196.0	15180.0	44970.0	107681.0	230550.0	435335.0	797147.0	1582447.0	5230262.0	34223381.0	3220829.0
	24.0	25.0	26.0	27.0	28.0	29.0	30.0	31.0	32.0	33.0	34.0	35.0	36.0	37.0
B_3_21_1	1.0	12.0	156.0	1581.0	9292.0	39295.0	116129.0	266900.0	484797.0	791366.0	1274710.0	2691275.0	30385253.0	7092641.0
	24.0	25.0	26.0	27.0	28.0	29.0	30.0	31.0	32.0	33.0	34.0	35.0	36.0	37.0
B_3_21_2	7.0	99.0	663.0	3459.0	12241.0	36371.0	87376.0	189671.0	358126.0	657520.0	1274873.0	3999878.0	32460077.0	4073047.0
	25.0	26.0	27.0	28.0	29.0	30.0	31.0	32.0	33.0	34.0	35.0	36.0	37.0
B_3_22_1	11.0	158.0	1454.0	8463.0	34918.0	102853.0	236803.0	432086.0	709238.0	1155598.0	2479461.0	29378971.0	6601659.0
	24.0	25.0	26.0	27.0	28.0	29.0	30.0	31.0	32.0	33.0	34.0	35.0	36.0	37.0
B_3_22_2	8.0	116.0	702.0	3669.0	12958.0	38696.0	93068.0	199169.0	375212.0	687001.0	1370694.0	4582782.0	30991517.0	2786081.0
	25.0	26.0	27.0	28.0	29.0	30.0	31.0	32.0	33.0	34.0	35.0	36.0	37.0
B_3_23_1	15.0	150.0	1587.0	9173.0	37708.0	110194.0	251129.0	459700.0	753619.0	1229898.0	2622385.0	30342020.0	6983283.0
	23.0	24.0	25.0	26.0	27.0	28.0	29.0	30.0	31.0	32.0	33.0	34.0	35.0	36.0	37.0
B_3_23_2	1.0	8.0	116.0	846.0	4326.0	15605.0	45054.0	107186.0	225576.0	420936.0	762682.0	1514199.0	4983730.0	31779333.0	2941263.0
	24.0	25.0	26.0	27.0	28.0	29.0	30.0	31.0	32.0	33.0	34.0	35.0	36.0	37.0
B_3_24_1	1.0	8.0	101.0	1418.0	7657.0	31651.0	93230.0	212811.0	390641.0	644681.0	1053871.0	2280204.0	26557660.0	5748856.0
	24.0	25.0	26.0	27.0	28.0	29.0	30.0	31.0	32.0	33.0	34.0	35.0	36.0	37.0
B_3_24_2	4.0	85.0	567.0	2893.0	10685.0	31250.0	75650.0	164772.0	316625.0	591595.0	1192879.0	3973778.0	28013377.0	2648630.0
	25.0	26.0	27.0	28.0	29.0	30.0	31.0	32.0	33.0	34.0	35.0	36.0	37.0
B_3_25_1	9.0	176.0	1595.0	9002.0	37147.0	108731.0	249525.0	456627.0	748823.0	1196054.0	2472242.0	26430370.0	6044400.0
	23.0	24.0	25.0	26.0	27.0	28.0	29.0	30.0	31.0	32.0	33.0	34.0	35.0	36.0	37.0
B_3_25_2	2.0	6.0	71.0	490.0	2490.0	8670.0	26142.0	63625.0	141470.0	278584.0	526268.0	1027918.0	3096697.0	28535240.0	4047028.0
	25.0	26.0	27.0	28.0	29.0	30.0	31.0	32.0	33.0	34.0	35.0	36.0	37.0
B_3_26_1	12.0	170.0	1542.0	8634.0	35324.0	102299.0	232963.0	419143.0	681608.0	1099888.0	2333768.0	26647654.0	5849955.0
	23.0	24.0	25.0	26.0	27.0	28.0	29.0	30.0	31.0	32.0	33.0	34.0	35.0	36.0	37.0
B_3_26_2	1.0	6.0	94.0	627.0	3227.0	11766.0	34243.0	82091.0	175565.0	329924.0	602440.0	1188363.0	3882677.0	28216239.0	2885697.0
	25.0	26.0	27.0	28.0	29.0	30.0	31.0	32.0	33.0	34.0	35.0	36.0	37.0
B_3_27_1	12.0	200.0	1820.0	10065.0	41253.0	120086.0	269582.0	482650.0	776041.0	1242572.0	2630896.0	29537899.0	6673287.0
	23.0	24.0	25.0	26.0	27.0	28.0	29.0	30.0	31.0	32.0	33.0	34.0	35.0	36.0	37.0
B_3_27_2	1.0	9.0	99.0	712.0	3634.0	12809.0	38448.0	91684.0	195440.0	367508.0	665608.0	1306580.0	4212596.0	31282134.0	3609101.0
	25.0	26.0	27.0	28.0	29.0	30.0	31.0	32.0	33.0	34.0	35.0	36.0	37.0
B_3_28_1	9.0	157.0	1455.0	8238.0	34132.0	99568.0	227147.0	414325.0	683854.0	1121264.0	2416431.0	27439176.0	6070979.0
	24.0	25.0	26.0	27.0	28.0	29.0	30.0	31.0	32.0	33.0	34.0	35.0	36.0	37.0
B_3_28_2	6.0	72.0	517.0	2831.0	9828.0	29413.0	72210.0	156567.0	299545.0	554038.0	1088186.0	3431822.0	29290575.0	3581125.0
	25.0	26.0	27.0	28.0	29.0	30.0	31.0	32.0	33.0	34.0	35.0	36.0	37.0
B_3_29_1	12.0	209.0	1918.0	10570.0	43727.0	125952.0	282697.0	499381.0	792011.0	1251970.0	2594642.0	29248588.0	6890742.0
	23.0	24.0	25.0	26.0	27.0	28.0	29.0	30.0	31.0	32.0	33.0	34.0	35.0	36.0	37.0
B_3_29_2	1.0	8.0	79.0	618.0	3046.0	11008.0	33686.0	81285.0	177593.0	339904.0	624487.0	1217152.0	3899647.0	31587722.0	3766183.0
	25.0	26.0	27.0	28.0	29.0	30.0	31.0	32.0	33.0	34.0	35.0	36.0	37.0
B_3_30_1	15.0	165.0	1586.0	8795.0	35391.0	102037.0	232269.0	416113.0	675419.0	1090680.0	2320249.0	27199018.0	6199058.0
	23.0	24.0	25.0	26.0	27.0	28.0	29.0	30.0	31.0	32.0	33.0	34.0	35.0	36.0	37.0
B_3_30_2	1.0	16.0	80.0	658.0	3242.0	11321.0	33727.0	80837.0	172718.0	326525.0	594759.0	1177437.0	3845470.0	28945943.0	3088061.0
	24.0	25.0	26.0	27.0	28.0	29.0	30.0	31.0	32.0	33.0	34.0	35.0	36.0	37.0
B_3_31_1	1.0	10.0	187.0	1690.0	9638.0	39295.0	119001.0	277784.0	516693.0	856942.0	1365500.0	2810778.0	29523038.0	6438556.0
	24.0	25.0	26.0	27.0	28.0	29.0	30.0	31.0	32.0	33.0	34.0	35.0	36.0	37.0
B_3_31_2	10.0	90.0	667.0	3260.0	11564.0	34606.0	85160.0	187052.0	363878.0	682745.0	1332638.0	4160133.0	31678285.0	3419025.0
	25.0	26.0	27.0	28.0	29.0	30.0	31.0	32.0	33.0	34.0	35.0	36.0	37.0
B_3_32_1	16.0	191.0	1799.0	9915.0	42109.0	124661.0	288265.0	536393.0	897996.0	1459511.0	3080329.0	33525121.0	7438086.0
	23.0	24.0	25.0	26.0	27.0	28.0	29.0	30.0	31.0	32.0	33.0	34.0	35.0	36.0	37.0
B_3_32_2	1.0	7.0	88.0	769.0	3932.0	13588.0	40668.0	97724.0	213568.0	413321.0	777603.0	1575796.0	5173490.0	35673184.0	3420653.0
	25.0	26.0	27.0	28.0	29.0	30.0	31.0	32.0	33.0	34.0	35.0	36.0	37.0
B_3_33_1	12.0	187.0	1494.0	8699.0	35232.0	101350.0	228230.0	407790.0	660908.0	1067479.0	2268713.0	24825096.0	5293990.0
	24.0	25.0	26.0	27.0	28.0	29.0	30.0	31.0	32.0	33.0	34.0	35.0	36.0	37.0
B_3_33_2	8.0	92.0	580.0	3043.0	10944.0	31915.0	76529.0	163895.0	308811.0	565710.0	1111564.0	3576794.0	26120932.0	2928363.0
	25.0	26.0	27.0	28.0	29.0	30.0	31.0	32.0	33.0	34.0	35.0	36.0	37.0
B_3_34_1	11.0	169.0	1627.0	9143.0	37043.0	108057.0	246632.0	443974.0	717126.0	1146442.0	2401547.0	27150260.0	6319490.0
	23.0	24.0	25.0	26.0	27.0	28.0	29.0	30.0	31.0	32.0	33.0	34.0	35.0	36.0	37.0
B_3_34_2	1.0	12.0	80.0	623.0	3280.0	11823.0	34673.0	83529.0	179852.0	337678.0	613756.0	1200597.0	3886837.0	28951432.0	3277348.0
	24.0	25.0	26.0	27.0	28.0	29.0	30.0	31.0	32.0	33.0	34.0	35.0	36.0	37.0
B_3_35_1	1.0	18.0	137.0	1493.0	7842.0	32708.0	94793.0	218769.0	395987.0	647354.0	1046059.0	2227979.0	25702884.0	5700950.0
	24.0	25.0	26.0	27.0	28.0	29.0	30.0	31.0	32.0	33.0	34.0	35.0	36.0	37.0
B_3_35_2	8.0	90.0	672.0	3549.0	12539.0	36522.0	87093.0	183281.0	339634.0	618107.0	1224126.0	4064661.0	26958748.0	2547944.0
	25.0	26.0	27.0	28.0	29.0	30.0	31.0	32.0	33.0	34.0	35.0	36.0	37.0
B_3_36_1	10.0	185.0	1663.0	9445.0	39390.0	112340.0	254561.0	451117.0	722145.0	1153844.0	2397884.0	26460418.0	6243323.0
	23.0	24.0	25.0	26.0	27.0	28.0	29.0	30.0	31.0	32.0	33.0	34.0	35.0	36.0	37.0
B_3_36_2	2.0	6.0	77.0	503.0	2323.0	8890.0	27317.0	66489.0	147034.0	283220.0	526607.0	1025215.0	3111959.0	28643628.0	4003055.0
	25.0	26.0	27.0	28.0	29.0	30.0	31.0	32.0	33.0	34.0	35.0	36.0	37.0
B_3_38_1	14.0	237.0	2140.0	11426.0	46066.0	133751.0	307299.0	564667.0	938780.0	1495831.0	2979113.0	21541152.0	4036236.0
	24.0	25.0	26.0	27.0	28.0	29.0	30.0	31.0	32.0	33.0	34.0	35.0	36.0	37.0
B_3_38_2	16.0	114.0	899.0	4510.0	16343.0	47674.0	114556.0	249445.0	479552.0	884900.0	1682045.0	4597901.0	21667608.0	2311149.0
	25.0	26.0	27.0	28.0	29.0	30.0	31.0	32.0	33.0	34.0	35.0	36.0	37.0
B_3_39_1	8.0	181.0	1522.0	8620.0	36350.0	108488.0	254253.0	466200.0	769825.0	1252730.0	2644943.0	29336974.0	6721977.0
	24.0	25.0	26.0	27.0	28.0	29.0	30.0	31.0	32.0	33.0	34.0	35.0	36.0	37.0
B_3_39_2	14.0	114.0	794.0	3916.0	14256.0	41497.0	99031.0	211863.0	400605.0	736605.0	1484009.0	4950645.0	30809939.0	2848783.0
	25.0	26.0	27.0	28.0	29.0	30.0	31.0	32.0	33.0	34.0	35.0	36.0	37.0
B_3_3_1	5.0	114.0	1218.0	7313.0	33150.0	104882.0	258211.0	501318.0	866280.0	1481523.0	3354052.0	22222237.0	2116882.0
	24.0	25.0	26.0	27.0	28.0	29.0	30.0	31.0	32.0	33.0	34.0	35.0	36.0	37.0
B_3_3_2	13.0	79.0	614.0	3464.0	13452.0	42857.0	112490.0	261935.0	527274.0	988528.0	1908168.0	5443718.0	20747659.0	896934.0
	24.0	25.0	26.0	27.0	28.0	29.0	30.0	31.0	32.0	33.0	34.0	35.0	36.0	37.0
B_3_40_1	1.0	10.0	136.0	1589.0	8916.0	37092.0	110397.0	258490.0	473984.0	779101.0	1259319.0	2655755.0	29259193.0	6697960.0
	23.0	24.0	25.0	26.0	27.0	28.0	29.0	30.0	31.0	32.0	33.0	34.0	35.0	36.0	37.0
B_3_40_2	1.0	11.0	81.0	709.0	3426.0	12784.0	37930.0	90776.0	195761.0	370245.0	682143.0	1347650.0	4424053.0	31154374.0	3221999.0
	25.0	26.0	27.0	28.0	29.0	30.0	31.0	32.0	33.0	34.0	35.0	36.0	37.0
B_3_41_1	13.0	162.0	1599.0	8959.0	36664.0	108523.0	249198.0	457130.0	756376.0	1243805.0	2704526.0	29156517.0	6492510.0
	23.0	24.0	25.0	26.0	27.0	28.0	29.0	30.0	31.0	32.0	33.0	34.0	35.0	36.0	37.0
B_3_41_2	1.0	9.0	106.0	793.0	4140.0	14728.0	42899.0	102883.0	217665.0	409093.0	752630.0	1531817.0	5110230.0	30401868.0	2627120.0
	24.0	25.0	26.0	27.0	28.0	29.0	30.0	31.0	32.0	33.0	34.0	35.0	36.0	37.0
B_3_42_1	1.0	16.0	196.0	1907.0	10988.0	45401.0	132848.0	305961.0	557325.0	915943.0	1493859.0	3214734.0	34749905.0	7807105.0
	24.0	25.0	26.0	27.0	28.0	29.0	30.0	31.0	32.0	33.0	34.0	35.0	36.0	37.0
B_3_42_2	8.0	111.0	724.0	3815.0	13433.0	39883.0	96896.0	211978.0	409593.0	767485.0	1534228.0	4986973.0	37201494.0	3969568.0
	25.0	26.0	27.0	28.0	29.0	30.0	31.0	32.0	33.0	34.0	35.0	36.0	37.0
B_3_4_1	9.0	147.0	1456.0	8893.0	38803.0	123059.0	304627.0	589338.0	1021551.0	1731986.0	3899584.0	25337776.0	2284563.0
	24.0	25.0	26.0	27.0	28.0	29.0	30.0	31.0	32.0	33.0	34.0	35.0	36.0	37.0
B_3_4_2	12.0	84.0	779.0	4451.0	16956.0	55041.0	143834.0	337131.0	670133.0	1235488.0	2357350.0	6833569.0	22860225.0	826739.0
	25.0	26.0	27.0	28.0	29.0	30.0	31.0	32.0	33.0	34.0	35.0	36.0	37.0
B_3_5_1	7.0	193.0	1673.0	9950.0	43877.0	133780.0	319261.0	600669.0	1017710.0	1692216.0	3739928.0	24370569.0	2282614.0
	23.0	24.0	25.0	26.0	27.0	28.0	29.0	30.0	31.0	32.0	33.0	34.0	35.0	36.0	37.0
B_3_5_2	1.0	9.0	94.0	575.0	3126.0	12188.0	39783.0	107802.0	259490.0	533117.0	1008002.0	1919567.0	5400953.0	23685874.0	1241866.0
	25.0	26.0	27.0	28.0	29.0	30.0	31.0	32.0	33.0	34.0	35.0	36.0	37.0
B_3_6_1	16.0	225.0	2060.0	12211.0	52781.0	162212.0	385940.0	728440.0	1234925.0	2060630.0	4526569.0	29444996.0	2812715.0
	24.0	25.0	26.0	27.0	28.0	29.0	30.0	31.0	32.0	33.0	34.0	35.0	36.0	37.0
B_3_6_2	9.0	103.0	946.0	5177.0	19752.0	63327.0	164422.0	382142.0	760435.0	1403250.0	2658352.0	7521136.0	27278306.0	1166363.0
	25.0	26.0	27.0	28.0	29.0	30.0	31.0	32.0	33.0	34.0	35.0	36.0	37.0
B_3_8_1	7.0	151.0	1477.0	9093.0	40561.0	128265.0	317091.0	617385.0	1081621.0	1854962.0	4166293.0	27805297.0	2679452.0
	24.0	25.0	26.0	27.0	28.0	29.0	30.0	31.0	32.0	33.0	34.0	35.0	36.0	37.0
B_3_8_2	7.0	141.0	1133.0	6065.0	23060.0	72490.0	183329.0	416736.0	812225.0	1487077.0	2845398.0	8025877.0	24031225.0	796892.0
	25.0	26.0	27.0	28.0	29.0	30.0	31.0	32.0	33.0	34.0	35.0	36.0	37.0
B_3_9_1	8.0	154.0	1519.0	9018.0	38833.0	120858.0	295336.0	567517.0	988509.0	1694734.0	3912945.0	25372399.0	2189838.0
	24.0	25.0	26.0	27.0	28.0	29.0	30.0	31.0	32.0	33.0	34.0	35.0	36.0	37.0
B_3_9_2	7.0	85.0	791.0	4174.0	16541.0	51607.0	134976.0	314619.0	630360.0	1181098.0	2293244.0	6563118.0	23128124.0	872924.0
	25.0	26.0	27.0	28.0	29.0	30.0	31.0	32.0	33.0	34.0	35.0	36.0	37.0
re_B_1_34_1	11.0	228.0	1836.0	9691.0	36787.0	100294.0	220096.0	389023.0	634881.0	1055079.0	2454473.0	17898763.0	2390964.0
	23.0	24.0	25.0	26.0	27.0	28.0	29.0	30.0	31.0	32.0	33.0	34.0	35.0	36.0	37.0
re_B_1_34_2	2.0	7.0	83.0	597.0	3365.0	11750.0	33725.0	79588.0	168346.0	315746.0	592185.0	1254283.0	4241812.0	17551612.0	939025.0

