Sample	FastQC_mqc-generalstats-fastqc-percent_duplicates	FastQC_mqc-generalstats-fastqc-percent_gc	FastQC_mqc-generalstats-fastqc-avg_sequence_length	FastQC_mqc-generalstats-fastqc-percent_fails	FastQC_mqc-generalstats-fastqc-total_sequences
BR_1_13_1	70.03111211751727	54.0	147.09131261789062	9.090909090909092	28364218.0
BR_1_13_2	72.42982836183714	54.0	147.58231103004496	9.090909090909092	28364218.0
BR_1_19_1	68.88184585457122	55.0	145.7554911056636	18.181818181818183	33556129.0
BR_1_19_2	69.96291038718047	55.0	146.0947642977532	9.090909090909092	33556129.0
BR_1_25_1	69.2439838187725	54.0	146.4085380283872	9.090909090909092	34019915.0
BR_1_25_2	71.86740725435993	54.0	147.10553941713258	9.090909090909092	34019915.0
BR_1_31_1	68.01770229571702	54.0	146.75976204048655	9.090909090909092	30094195.0
BR_1_31_2	69.7136036233858	54.0	146.88044960165905	9.090909090909092	30094195.0
BR_1_35_1	70.99599181511311	54.0	146.93706315501893	9.090909090909092	31057785.0
BR_1_35_2	73.38684454509851	54.0	147.35361987340693	9.090909090909092	31057785.0
BR_1_8_1	81.4159081118139	53.0	147.06670037347436	9.090909090909092	31734440.0
BR_1_8_2	82.43798695068772	54.0	147.27974405724507	9.090909090909092	31734440.0
BR_2_13_1	70.09394555434882	55.0	145.7256598082788	18.181818181818183	40050763.0
BR_2_13_2	71.52504535120838	56.0	146.39843930064453	9.090909090909092	40050763.0
BR_2_19_1	70.60043945982866	54.0	147.16773972996148	9.090909090909092	34298070.0
BR_2_19_2	73.19421529307043	54.0	147.40954759261965	9.090909090909092	34298070.0
BR_2_25_1	70.91282084817408	54.0	146.53820452300516	9.090909090909092	32986343.0
BR_2_25_2	73.08118817350802	54.0	146.9884334556274	9.090909090909092	32986343.0
BR_2_8_1	66.34839884009327	55.0	145.7377320920798	18.181818181818183	38299562.0
BR_2_8_2	68.68194661351639	56.0	146.4563471509152	9.090909090909092	38299562.0
BR_3_13_1	67.5154244951692	55.0	145.63422199715424	18.181818181818183	34774680.0
BR_3_13_2	68.99238078035651	56.0	146.16865909334032	9.090909090909092	34774680.0
BR_3_19_1	65.291179318091	55.0	145.5676100473946	18.181818181818183	33884446.0
BR_3_19_2	67.29016351313054	55.0	146.20193701853648	9.090909090909092	33884446.0
BR_3_25_1	63.78255163458818	55.0	145.48159564373006	18.181818181818183	31213860.0
BR_3_25_2	64.98944763803033	55.0	146.142092166749	9.090909090909092	31213860.0
BR_3_31_1	61.9380499524588	55.0	145.23664054292772	18.181818181818183	29389106.0
BR_3_31_2	62.62457377668563	55.0	145.8035631978734	9.090909090909092	29389106.0
BR_3_35_1	66.07815103531681	55.0	145.7254660326583	18.181818181818183	33361074.0
BR_3_35_2	67.30983826394662	55.0	146.0956131388336	9.090909090909092	33361074.0
BR_3_8_1	66.9611690948413	55.0	145.8862386596629	18.181818181818183	31575340.0
BR_3_8_2	68.80522420458165	55.0	146.50104470767377	9.090909090909092	31575340.0
B_1_10_1	66.46531296523997	55.0	147.00803969783462	27.27272727272727	32403581.0
B_1_10_2	71.71505838880749	55.0	147.79615472129453	9.090909090909092	32403581.0
B_1_11_1	68.26419308839245	55.0	147.37066716196975	18.181818181818183	42726701.0
B_1_11_2	74.37785924146435	56.0	147.9652466498642	9.090909090909092	42726701.0
B_1_12_1	69.34693244682195	55.0	147.73390279701655	27.27272727272727	37347187.0
B_1_12_2	74.14622563934353	55.0	147.96781382758493	9.090909090909092	37347187.0
B_1_13_1	63.10147145625192	55.0	147.57494805457773	18.181818181818183	30041627.0
B_1_13_2	67.51903959248745	55.0	147.58824337310358	9.090909090909092	30041627.0
B_1_14_1	68.12862346592108	55.0	147.363562627026	18.181818181818183	44106621.0
B_1_14_2	73.85910539590668	55.0	147.85579296586786	9.090909090909092	44106621.0
B_1_15_1	71.60969985818716	55.0	147.42961729910536	18.181818181818183	48429649.0
B_1_15_2	77.63121768551309	55.0	147.93716489665246	9.090909090909092	48429649.0
B_1_16_1	70.25758808479469	55.0	147.55800554631853	18.181818181818183	39946137.0
B_1_16_2	75.23434626179179	55.0	147.75858979805733	9.090909090909092	39946137.0
B_1_17_1	71.1605791167701	54.0	147.21467076856987	18.181818181818183	40038325.0
B_1_17_2	76.55676861658678	55.0	148.00979224280735	9.090909090909092	40038325.0
B_1_18_1	69.08340827657163	55.0	147.4557410268656	18.181818181818183	32234695.0
B_1_18_2	73.94195607478419	55.0	147.97651431167566	9.090909090909092	32234695.0
B_1_19_1	67.38312148038966	55.0	147.38284066385916	18.181818181818183	34944219.0
B_1_19_2	72.64404047845949	56.0	147.83331692146274	9.090909090909092	34944219.0
B_1_20_1	64.73920488612848	55.0	147.08051884349928	18.181818181818183	31856928.0
B_1_20_2	69.58854706450245	55.0	147.46883541313213	9.090909090909092	31856928.0
B_1_21_1	67.66306930715191	55.0	147.70687578447183	18.181818181818183	33205462.0
B_1_21_2	72.18942429946355	56.0	147.3468489310584	9.090909090909092	33205462.0
B_1_22_1	67.64262978852	55.0	147.5953814885046	18.181818181818183	34793591.0
B_1_22_2	72.52589459387296	55.0	147.53370708415812	9.090909090909092	34793591.0
B_1_23_1	66.10603552944336	55.0	147.43925204626547	18.181818181818183	32915084.0
B_1_23_2	70.90701841640053	56.0	147.36941446055553	9.090909090909092	32915084.0
B_1_24_1	68.8470341757224	55.0	147.39884497094639	18.181818181818183	32715887.0
B_1_24_2	73.88834471664649	56.0	147.86376041095875	9.090909090909092	32715887.0
B_1_25_1	66.20779245825506	53.0	147.39276091811035	18.181818181818183	39009864.0
B_1_25_2	70.3946810964826	54.0	147.497710655951	9.090909090909092	39009864.0
B_1_26_1	65.2266705633624	55.0	147.4765412032873	18.181818181818183	33735767.0
B_1_26_2	70.08288113897908	56.0	147.62819686299113	9.090909090909092	33735767.0
B_1_27_1	72.60675347324624	56.0	147.29880119828343	18.181818181818183	38202648.0
B_1_27_2	77.71099960347671	56.0	147.8509388668555	9.090909090909092	38202648.0
B_1_28_1	72.34352684994624	55.0	147.59706942682408	18.181818181818183	41418314.0
B_1_28_2	77.06872539314755	55.0	147.57236224052963	9.090909090909092	41418314.0
B_1_29_1	69.9731393516068	55.0	147.56138234852637	18.181818181818183	39759264.0
B_1_29_2	74.76834528079527	55.0	147.9220578881943	9.090909090909092	39759264.0
B_1_30_1	69.16306227682576	55.0	147.56874779825924	18.181818181818183	39925795.0
B_1_30_2	74.56725871866882	56.0	147.86301637825872	9.090909090909092	39925795.0
B_1_31_1	70.97827471529664	56.0	145.46297865083721	18.181818181818183	31172932.0
B_1_31_2	71.25000987066834	56.0	145.33773303711052	9.090909090909092	31172932.0
B_1_32_1	70.63003788491943	55.0	146.91190846870686	9.090909090909092	45241795.0
B_1_32_2	72.44408267546629	55.0	146.96451895863106	9.090909090909092	45241795.0
B_1_33_1	72.30433966501181	55.0	146.89670458982923	9.090909090909092	39974690.0
B_1_33_2	72.8780424947368	56.0	146.4907605787562	9.090909090909092	39974690.0
B_1_34_1	49.20113400510051	55.0	146.02223891512335	0.0	9166904.0
B_1_34_2	50.520087331990425	56.0	146.33342053107572	9.090909090909092	9166904.0
B_1_35_1	69.59262803094839	55.0	145.8211378093109	9.090909090909092	29845458.0
B_1_35_2	72.03402652453657	55.0	146.5434104579665	9.090909090909092	29845458.0
B_1_36_1	76.20550558079236	55.0	147.18327221361855	9.090909090909092	56792368.0
B_1_36_2	77.12629650847464	55.0	146.69024228748484	9.090909090909092	56792368.0
B_1_38_1	64.52611049291562	56.0	146.42469315820657	9.090909090909092	31481044.0
B_1_38_2	66.38125654498347	56.0	146.70932355356447	9.090909090909092	31481044.0
B_1_39_1	69.73558101992873	56.0	146.29493569168002	18.181818181818183	32224835.0
B_1_39_2	67.60493101634867	56.0	146.61805064323835	9.090909090909092	32224835.0
B_1_3_1	69.16944464318141	55.0	147.36935770408695	18.181818181818183	38983776.0
B_1_3_2	74.08378854100417	56.0	147.9471112546922	9.090909090909092	38983776.0
B_1_40_1	63.07793732783298	56.0	146.2780199104742	9.090909090909092	36861101.0
B_1_40_2	63.4383998669828	56.0	145.50088598818576	9.090909090909092	36861101.0
B_1_41_1	64.20892065652384	55.0	146.00134848779587	9.090909090909092	40462361.0
B_1_41_2	65.49325636381087	56.0	146.15125929008443	9.090909090909092	40462361.0
B_1_42_1	66.12968910939922	55.0	145.98954373459605	9.090909090909092	37180005.0
B_1_42_2	68.30328122524796	55.0	146.39044919439897	9.090909090909092	37180005.0
B_1_4_1	67.0249715812074	55.0	147.23018567687393	18.181818181818183	34276051.0
B_1_4_2	72.31872817711076	56.0	147.73341427225674	9.090909090909092	34276051.0
B_1_5_1	69.03080961122977	55.0	147.08211448731367	27.27272727272727	45733696.0
B_1_5_2	75.43727759511533	55.0	147.7294473641492	9.090909090909092	45733696.0
B_1_6_1	67.79725385021145	55.0	147.49790324120093	18.181818181818183	39708430.0
B_1_6_2	72.86083992537579	56.0	147.5350755746324	9.090909090909092	39708430.0
B_1_8_1	75.91368608375556	55.0	147.2953019460128	18.181818181818183	35742416.0
B_1_8_2	80.3709877664038	55.0	147.71249310622986	9.090909090909092	35742416.0
B_1_9_1	68.98524574066626	55.0	147.4936289307057	18.181818181818183	41878135.0
B_1_9_2	74.64430487313143	55.0	147.8501518274393	9.090909090909092	41878135.0
B_2_10_1	69.55229446054797	55.0	146.6661867083209	9.090909090909092	42878721.0
B_2_10_2	70.61912691009475	55.0	146.53842606452744	9.090909090909092	42878721.0
B_2_11_1	67.25799482676152	55.0	146.60547878413354	9.090909090909092	31691046.0
B_2_11_2	68.5755488956405	55.0	146.51413241456277	9.090909090909092	31691046.0
B_2_12_1	69.60232366817431	55.0	147.04460441765232	9.090909090909092	35008640.0
B_2_12_2	68.08817493558409	55.0	144.5613713071973	9.090909090909092	35008640.0
B_2_13_1	64.95090774784109	56.0	145.78258301829078	9.090909090909092	28641369.0
B_2_13_2	66.26193173370206	56.0	146.28834204817514	9.090909090909092	28641369.0
B_2_14_1	73.79791129903222	55.0	146.51204028295277	9.090909090909092	41107215.0
B_2_14_2	73.73831786051461	56.0	146.17460810711697	9.090909090909092	41107215.0
B_2_15_1	68.06546546560136	55.0	146.59668029150552	9.090909090909092	34751726.0
B_2_15_2	69.32199612357687	56.0	146.37692815602887	9.090909090909092	34751726.0
B_2_16_1	73.38649396604764	55.0	146.42515687966315	9.090909090909092	40927389.0
B_2_16_2	74.29741270222627	55.0	146.37238828013193	9.090909090909092	40927389.0
B_2_17_1	73.27764315732222	54.0	146.15243144101515	9.090909090909092	36765276.0
B_2_17_2	74.65034738666736	54.0	146.32216480572592	9.090909090909092	36765276.0
B_2_18_1	68.82412778466875	55.0	146.6114075036927	9.090909090909092	32139056.0
B_2_18_2	70.35365116880459	55.0	146.38288296333283	9.090909090909092	32139056.0
B_2_19_1	69.51180780191669	55.0	145.82761016297033	9.090909090909092	30637972.0
B_2_19_2	69.72875703551111	55.0	145.73887694002724	9.090909090909092	30637972.0
B_2_20_1	64.97317155012124	54.0	146.56140048634043	9.090909090909092	29643845.0
B_2_20_2	65.26577961777755	55.0	145.38904356030739	9.090909090909092	29643845.0
B_2_21_1	69.12950001537527	55.0	146.58749345538092	9.090909090909092	32200117.0
B_2_21_2	70.26904425721894	55.0	146.26772902719577	9.090909090909092	32200117.0
B_2_22_1	70.00142502353864	55.0	146.34662695593963	9.090909090909092	34287293.0
B_2_22_2	71.13397470702206	55.0	146.4445967198402	9.090909090909092	34287293.0
B_2_23_1	70.26000304465245	55.0	146.56999124075534	9.090909090909092	34823779.0
B_2_23_2	71.37760500765893	55.0	146.59067380366733	9.090909090909092	34823779.0
B_2_24_1	72.82854705378071	55.0	146.78919432547625	9.090909090909092	33205183.0
B_2_24_2	72.68442425824026	56.0	146.1827499941801	9.090909090909092	33205183.0
B_2_25_1	75.3811661421373	56.0	145.96737344400574	9.090909090909092	38807743.0
B_2_25_2	75.38308942597627	56.0	145.87281525235827	9.090909090909092	38807743.0
B_2_26_1	69.91767062567033	55.0	145.8802074985476	9.090909090909092	29723196.0
B_2_26_2	69.66645419360894	55.0	145.61173394678016	9.090909090909092	29723196.0
B_2_27_1	68.29863074960659	55.0	146.38897759726473	9.090909090909092	29963975.0
B_2_27_2	69.05818816824365	55.0	146.30052047500374	9.090909090909092	29963975.0
B_2_28_1	70.18832029244189	55.0	146.25331125134284	9.090909090909092	31511652.0
B_2_28_2	71.34972980190456	55.0	146.1669861675294	9.090909090909092	31511652.0
B_2_29_1	68.82375565266898	55.0	146.6517809153982	9.090909090909092	34982066.0
B_2_29_2	69.67496608444344	55.0	146.3951756308504	9.090909090909092	34982066.0
B_2_30_1	71.01925449535881	55.0	146.3651178354653	9.090909090909092	38481878.0
B_2_30_2	71.72977589668659	55.0	146.30312132895386	9.090909090909092	38481878.0
B_2_31_1	63.91788516834806	56.0	146.1470790579111	9.090909090909092	31988361.0
B_2_31_2	63.682572561738596	56.0	145.16063576999147	9.090909090909092	31988361.0
B_2_32_1	64.17586392369492	56.0	145.38864236254557	9.090909090909092	28722646.0
B_2_32_2	65.86057489712633	56.0	145.89608857763312	9.090909090909092	28722646.0
B_2_33_1	64.37041209150651	55.0	146.4552643958595	9.090909090909092	34275272.0
B_2_33_2	65.17086918231678	56.0	146.33734115953916	9.090909090909092	34275272.0
B_2_34_1	65.07468892971649	55.0	146.50576974533277	9.090909090909092	30664525.0
B_2_34_2	65.63850053546349	56.0	146.03989551444218	9.090909090909092	30664525.0
B_2_35_1	64.84398097287745	55.0	146.43765460053794	9.090909090909092	31598370.0
B_2_35_2	65.7793029908447	56.0	146.1819220421813	9.090909090909092	31598370.0
B_2_36_1	70.54468772960479	55.0	146.66649154838032	9.090909090909092	32410474.0
B_2_36_2	72.41472833694361	55.0	146.6098274897183	9.090909090909092	32410474.0
B_2_38_1	70.65575136166724	55.0	145.45350086319806	9.090909090909092	35012822.0
B_2_38_2	70.0614951425499	56.0	145.50060126544497	9.090909090909092	35012822.0
B_2_39_1	74.85044590744486	51.0	145.9187417344334	9.090909090909092	33146548.0
B_2_39_2	74.57606285895781	52.0	145.78934304109134	9.090909090909092	33146548.0
B_2_3_1	65.71752517857001	55.0	146.65278728595004	9.090909090909092	34891038.0
B_2_3_2	66.66549557285686	55.0	146.29676308282947	9.090909090909092	34891038.0
B_2_40_1	64.06017495350476	55.0	145.81959609867263	9.090909090909092	37674152.0
B_2_40_2	65.39066904303502	55.0	146.3956435170724	9.090909090909092	37674152.0
B_2_41_1	60.65373678413162	56.0	146.193289072095	9.090909090909092	28981566.0
B_2_41_2	61.6879609866199	56.0	146.3327202884758	9.090909090909092	28981566.0
B_2_42_1	64.93490609578063	55.0	146.12107487332966	9.090909090909092	39063803.0
B_2_42_2	66.54971682203389	56.0	146.31436322264886	9.090909090909092	39063803.0
B_2_4_1	67.23203170512281	54.0	146.74742622701612	9.090909090909092	30871701.0
B_2_4_2	67.99377662603132	55.0	146.30012985031178	9.090909090909092	30871701.0
B_2_5_1	70.25084609022122	55.0	146.68773007320831	9.090909090909092	41387370.0
B_2_5_2	70.98744688848194	55.0	145.9597336578768	9.090909090909092	41387370.0
B_2_6_1	69.44318923641012	55.0	146.6823540544494	9.090909090909092	40252272.0
B_2_6_2	70.02964302782998	55.0	145.72767176968296	9.090909090909092	40252272.0
B_2_8_1	66.87484751193955	55.0	146.40164318424405	9.090909090909092	37101013.0
B_2_8_2	68.06017065530715	56.0	146.16227360153212	9.090909090909092	37101013.0
B_2_9_1	68.31142913122517	55.0	146.78775762114725	9.090909090909092	36812535.0
B_2_9_2	69.17440869655142	56.0	145.90790528280652	9.090909090909092	36812535.0
B_3_10_1	70.0726098640061	54.0	146.48508565026862	9.090909090909092	33701704.0
B_3_10_2	71.33207828570652	55.0	146.62290865174057	9.090909090909092	33701704.0
B_3_11_1	76.64576248193693	55.0	147.37667069647003	9.090909090909092	56232686.0
B_3_11_2	77.90124637028059	55.0	146.86445175320276	9.090909090909092	56232686.0
B_3_12_1	70.42544526658853	55.0	147.25541893386225	18.181818181818183	39108154.0
B_3_12_2	75.50723557215382	55.0	147.84699446565543	9.090909090909092	39108154.0
B_3_13_1	69.10903933382198	56.0	147.07240668542866	18.181818181818183	43228163.0
B_3_13_2	75.1800019589329	56.0	147.82050576611363	9.090909090909092	43228163.0
B_3_14_1	67.65727571952743	55.0	147.37006840902242	18.181818181818183	41656055.0
B_3_14_2	73.51667726306668	55.0	147.76285279534991	9.090909090909092	41656055.0
B_3_15_1	73.23135263809269	55.0	146.1093718318897	9.090909090909092	45561466.0
B_3_15_2	74.30238448884079	55.0	144.7636787192054	9.090909090909092	45561466.0
B_3_16_1	68.48162921525551	55.0	147.37743866873728	27.27272727272727	40763224.0
B_3_16_2	74.14553697874766	55.0	147.835190170434	9.090909090909092	40763224.0
B_3_17_1	69.68829696520126	55.0	147.31726728486925	27.27272727272727	40220365.0
B_3_17_2	75.44909788960871	55.0	147.91103840057144	9.090909090909092	40220365.0
B_3_18_1	69.44308536542039	55.0	147.4215745260444	27.27272727272727	45334836.0
B_3_18_2	75.15124206757572	56.0	147.77887466053699	9.090909090909092	45334836.0
B_3_19_1	65.93231724383473	56.0	146.94166694401167	18.181818181818183	39721886.0
B_3_19_2	71.23538556789558	56.0	147.4367585668012	9.090909090909092	39721886.0
B_3_20_1	68.9961832114001	55.0	147.2016014106579	18.181818181818183	45892913.0
B_3_20_2	74.61434279186061	56.0	147.54557027138372	9.090909090909092	45892913.0
B_3_21_1	68.73523911943956	55.0	147.22816740221305	18.181818181818183	43153408.0
B_3_21_2	74.36379794627246	55.0	147.7313583668757	9.090909090909092	43153408.0
B_3_22_1	70.00631911870529	55.0	147.57066381330677	18.181818181818183	41141673.0
B_3_22_2	74.89652960972445	55.0	147.72089452949567	9.090909090909092	41141673.0
B_3_23_1	71.17136797814045	55.0	147.48923508805115	18.181818181818183	42800861.0
B_3_23_2	76.16586050155416	56.0	147.5456651444465	9.090909090909092	42800861.0
B_3_24_1	68.4048457827729	55.0	147.5004273043712	18.181818181818183	37022790.0
B_3_24_2	73.29242311491528	56.0	147.7889067517602	9.090909090909092	37022790.0
B_3_25_1	64.47075569148491	56.0	146.92932829742182	18.181818181818183	37754701.0
B_3_25_2	70.1238537793129	56.0	147.82227349648457	9.090909090909092	37754701.0
B_3_26_1	65.91817653861852	55.0	147.34002372439926	18.181818181818183	37412960.0
B_3_26_2	71.09705149385145	55.0	147.74571314325303	9.090909090909092	37412960.0
B_3_27_1	67.7212616970183	55.0	147.17820335308915	18.181818181818183	41786363.0
B_3_27_2	73.22176079158307	55.0	147.64111978350448	9.090909090909092	41786363.0
B_3_28_1	67.89635732158237	55.0	147.43319853045696	18.181818181818183	38516735.0
B_3_28_2	73.42845119997165	56.0	147.9287114808667	9.090909090909092	38516735.0
B_3_29_1	68.7656859378568	55.0	147.0801969813968	18.181818181818183	41742419.0
B_3_29_2	74.16702858752221	55.0	147.73079617163538	9.090909090909092	41742419.0
B_3_30_1	68.81143131187105	55.0	147.45507252396405	18.181818181818183	38280795.0
B_3_30_2	73.75298653034436	55.0	147.79441897693087	9.090909090909092	38280795.0
B_3_31_1	63.840082071328865	55.0	146.86436169420455	18.181818181818183	41959113.0
B_3_31_2	69.3956009450284	56.0	147.60227736463352	9.090909090909092	41959113.0
B_3_32_1	64.29162605140078	56.0	147.25886839767927	27.27272727272727	47404392.0
B_3_32_2	68.92758798983925	56.0	147.71177963847737	9.090909090909092	47404392.0
B_3_33_1	64.25355725750882	56.0	147.10829085382522	18.181818181818183	34899180.0
B_3_33_2	69.20795975497221	56.0	147.6143021985044	9.090909090909092	34899180.0
B_3_34_1	65.94187174305844	55.0	147.23883646266822	18.181818181818183	38581521.0
B_3_34_2	71.34438592184291	55.0	147.67902838770922	9.090909090909092	38581521.0
B_3_35_1	65.54605123713975	55.0	147.44565672276173	18.181818181818183	36076974.0
B_3_35_2	70.32140542334442	55.0	147.65365437799744	9.090909090909092	36076974.0
B_3_36_1	64.61418896692243	55.0	146.99435379789188	18.181818181818183	37846325.0
B_3_36_2	69.85028081950597	56.0	147.7166754235715	9.090909090909092	37846325.0
B_3_38_1	60.43631677342828	54.0	145.29913931909175	9.090909090909092	32056712.0
B_3_38_2	61.247802830785446	55.0	145.97198324644148	9.090909090909092	32056712.0
B_3_39_1	62.889777224199136	55.0	147.25513595224623	18.181818181818183	41602071.0
B_3_39_2	67.79319203508001	55.0	147.49652309376617	9.090909090909092	41602071.0
B_3_3_1	65.20333951454572	55.0	146.35061040285248	9.090909090909092	30947185.0
B_3_3_2	66.6679130221437	55.0	146.44653815847872	9.090909090909092	30947185.0
B_3_40_1	62.2415029028829	55.0	147.1612138122668	18.181818181818183	41541943.0
B_3_40_2	67.46250236360477	56.0	147.58336325289358	9.090909090909092	41541943.0
B_3_41_1	64.26747689519505	55.0	147.20446699535145	18.181818181818183	41215982.0
B_3_41_2	69.31297309128938	55.0	147.3757229416492	9.090909090909092	41215982.0
B_3_42_1	66.0461259303131	55.0	147.21485127534953	18.181818181818183	49236189.0
B_3_42_2	71.97941058511101	56.0	147.7687314304525	9.090909090909092	49236189.0
B_3_4_1	67.88649213669599	55.0	146.2740313507589	9.090909090909092	35341792.0
B_3_4_2	68.99462175355521	55.0	146.10704570385113	9.090909090909092	35341792.0
B_3_5_1	67.3413144235279	55.0	146.1696298133834	9.090909090909092	34212447.0
B_3_5_2	69.23806802356626	55.0	146.64880164812533	9.090909090909092	34212447.0
B_3_6_1	68.85867155854191	55.0	146.21126074625843	9.090909090909092	41423720.0
B_3_6_2	70.6539931249873	55.0	146.25550860714586	9.090909090909092	41423720.0
B_3_8_1	69.58563963882736	55.0	146.62846699966707	9.090909090909092	38701655.0
B_3_8_2	70.49681983197854	55.0	145.96364026292932	9.090909090909092	38701655.0
B_3_9_1	71.66420900380893	55.0	146.60420367116444	9.090909090909092	35191668.0
B_3_9_2	72.47231553737944	56.0	146.4496675463067	9.090909090909092	35191668.0
re_B_1_34_1	64.61854586077035	55.0	145.9595304501097	9.090909090909092	25192126.0
re_B_1_34_2	66.15991119591138	56.0	146.80120582121572	9.090909090909092	25192126.0
